-110.407361111    44.451944444
-110.407638889    44.451944444
-110.407777778    44.452083333
-110.407916667    44.452222222
-110.408194444    44.452222222
-110.408333333    44.452361111
-110.408472222    44.452500000
-110.408750000    44.452500000
-110.408888889    44.452638889
-110.409027778    44.452777778
-110.409166667    44.452916667
-110.409305556    44.453055556
-110.409583333    44.453055556
-110.409722222    44.453194444
-110.409861111    44.453333333
-110.410138889    44.453333333
-110.410277778    44.453472222
-110.410416667    44.453611111
-110.410694444    44.453611111
-110.410972222    44.453611111
-110.411250000    44.453611111
-110.411527778    44.453611111
-110.411666667    44.453472222
-110.411805556    44.453333333
-110.412083333    44.453333333
-110.412222222    44.453194444
-110.412361111    44.453055556
-110.412500000    44.452916667
-110.412500000    44.452638889
-110.412500000    44.452361111
-110.412500000    44.452083333
-110.412500000    44.451805556
-110.412361111    44.451666667
-110.412222222    44.451527778
-110.412222222    44.451250000
-110.412083333    44.451111111
-110.411944444    44.450972222
-110.411944444    44.450694444
-110.411805556    44.450555556
-110.411666667    44.450416667
-110.411666667    44.450138889
-110.411527778    44.450000000
-110.411388889    44.449861111
-110.411250000    44.449722222
-110.411111111    44.449583333
-110.410972222    44.449444444
-110.410694444    44.449444444
-110.410416667    44.449444444
-110.410138889    44.449444444
-110.409861111    44.449444444
-110.409583333    44.449444444
-110.409305556    44.449444444
-110.409027778    44.449444444
-110.408888889    44.449583333
-110.408750000    44.449722222
-110.408472222    44.449722222
-110.408333333    44.449861111
-110.408194444    44.450000000
-110.407916667    44.450000000
-110.407638889    44.450000000
-110.407500000    44.450138889
-110.407361111    44.450277778
-110.407222222    44.450416667
-110.407222222    44.450694444
-110.407222222    44.450972222
-110.407222222    44.451250000
-110.407222222    44.451527778
-110.407222222    44.451805556
-110.407361111    44.451944444
