-110.375972222    44.508611111
-110.376111111    44.508750000
-110.376111111    44.509027778
-110.376250000    44.509166667
-110.376388889    44.509305556
-110.376527778    44.509444444
-110.376805556    44.509444444
-110.377083333    44.509444444
-110.377361111    44.509444444
-110.377638889    44.509444444
-110.377916667    44.509444444
-110.378194444    44.509444444
-110.378472222    44.509444444
-110.378750000    44.509444444
-110.379027778    44.509444444
-110.379166667    44.509305556
-110.379305556    44.509166667
-110.379583333    44.509166667
-110.379722222    44.509027778
-110.379861111    44.508888889
-110.380000000    44.509027778
-110.380138889    44.509166667
-110.380416667    44.509166667
-110.380555556    44.509305556
-110.380694444    44.509444444
-110.380833333    44.509583333
-110.380972222    44.509722222
-110.381111111    44.509861111
-110.381111111    44.510138889
-110.381111111    44.510416667
-110.381250000    44.510555556
-110.381388889    44.510694444
-110.381527778    44.510833333
-110.381666667    44.510972222
-110.381805556    44.511111111
-110.381944444    44.511250000
-110.382083333    44.511388889
-110.382222222    44.511527778
-110.382222222    44.511805556
-110.382222222    44.512083333
-110.382083333    44.512222222
-110.381944444    44.512361111
-110.381944444    44.512638889
-110.381805556    44.512777778
-110.381666667    44.512916667
-110.381666667    44.513194444
-110.381666667    44.513472222
-110.381666667    44.513750000
-110.381666667    44.514027778
-110.381666667    44.514305556
-110.381805556    44.514444444
-110.381944444    44.514583333
-110.382083333    44.514722222
-110.382222222    44.514861111
-110.382361111    44.515000000
-110.382500000    44.515138889
-110.382638889    44.515277778
-110.382777778    44.515416667
-110.382916667    44.515555556
-110.383055556    44.515694444
-110.383194444    44.515833333
-110.383333333    44.515972222
-110.383472222    44.516111111
-110.383611111    44.516250000
-110.383611111    44.516527778
-110.383611111    44.516805556
-110.383611111    44.517083333
-110.383611111    44.517361111
-110.383750000    44.517500000
-110.383888889    44.517638889
-110.384027778    44.517777778
-110.384166667    44.517916667
-110.384166667    44.518194444
-110.384305556    44.518333333
-110.384444444    44.518472222
-110.384583333    44.518611111
-110.384722222    44.518750000
-110.384861111    44.518888889
-110.385000000    44.519027778
-110.385138889    44.519166667
-110.385416667    44.519166667
-110.385694444    44.519166667
-110.385833333    44.519305556
-110.385972222    44.519444444
-110.386250000    44.519444444
-110.386388889    44.519583333
-110.386527778    44.519722222
-110.386666667    44.519861111
-110.386805556    44.520000000
-110.386944444    44.520138889
-110.387083333    44.520277778
-110.387222222    44.520416667
-110.387222222    44.520694444
-110.387361111    44.520833333
-110.387500000    44.520972222
-110.387500000    44.521250000
-110.387638889    44.521388889
-110.387916667    44.521388889
-110.388194444    44.521388889
-110.388472222    44.521388889
-110.388750000    44.521388889
-110.388888889    44.521250000
-110.388888889    44.520972222
-110.389027778    44.520833333
-110.389166667    44.520694444
-110.389166667    44.520416667
-110.389305556    44.520277778
-110.389444444    44.520138889
-110.389444444    44.519861111
-110.389444444    44.519583333
-110.389444444    44.519305556
-110.389444444    44.519027778
-110.389305556    44.518888889
-110.389166667    44.518750000
-110.389166667    44.518472222
-110.389166667    44.518194444
-110.389166667    44.517916667
-110.389166667    44.517638889
-110.389027778    44.517500000
-110.388888889    44.517361111
-110.388888889    44.517083333
-110.388888889    44.516805556
-110.388750000    44.516666667
-110.388611111    44.516527778
-110.388472222    44.516388889
-110.388333333    44.516250000
-110.388194444    44.516111111
-110.388055556    44.515972222
-110.387916667    44.515833333
-110.387777778    44.515694444
-110.387638889    44.515555556
-110.387500000    44.515416667
-110.387361111    44.515277778
-110.387222222    44.515138889
-110.387222222    44.514861111
-110.387083333    44.514722222
-110.386944444    44.514583333
-110.386944444    44.514305556
-110.386805556    44.514166667
-110.386666667    44.514027778
-110.386527778    44.513888889
-110.386388889    44.513750000
-110.386388889    44.513472222
-110.386250000    44.513333333
-110.386111111    44.513194444
-110.385972222    44.513055556
-110.385833333    44.512916667
-110.385694444    44.512777778
-110.385555556    44.512638889
-110.385416667    44.512500000
-110.385277778    44.512361111
-110.385138889    44.512222222
-110.385000000    44.512083333
-110.384861111    44.511944444
-110.384722222    44.511805556
-110.384722222    44.511527778
-110.384722222    44.511250000
-110.384722222    44.510972222
-110.384722222    44.510694444
-110.384722222    44.510416667
-110.384722222    44.510138889
-110.384722222    44.509861111
-110.384722222    44.509583333
-110.384722222    44.509305556
-110.384583333    44.509166667
-110.384444444    44.509027778
-110.384444444    44.508750000
-110.384444444    44.508472222
-110.384305556    44.508333333
-110.384166667    44.508194444
-110.384027778    44.508055556
-110.383888889    44.507916667
-110.383750000    44.507777778
-110.383472222    44.507777778
-110.383333333    44.507638889
-110.383194444    44.507500000
-110.382916667    44.507500000
-110.382638889    44.507500000
-110.382361111    44.507500000
-110.382222222    44.507361111
-110.382083333    44.507222222
-110.381805556    44.507222222
-110.381666667    44.507083333
-110.381527778    44.506944444
-110.381388889    44.506805556
-110.381250000    44.506666667
-110.380972222    44.506666667
-110.380833333    44.506527778
-110.380694444    44.506388889
-110.380555556    44.506250000
-110.380416667    44.506111111
-110.380138889    44.506111111
-110.379861111    44.506111111
-110.379583333    44.506111111
-110.379305556    44.506111111
-110.379027778    44.506111111
-110.378750000    44.506111111
-110.378611111    44.505972222
-110.378472222    44.505833333
-110.378194444    44.505833333
-110.377916667    44.505833333
-110.377638889    44.505833333
-110.377500000    44.505972222
-110.377361111    44.506111111
-110.377083333    44.506111111
-110.376944444    44.506250000
-110.376805556    44.506388889
-110.376527778    44.506388889
-110.376388889    44.506527778
-110.376250000    44.506666667
-110.376111111    44.506805556
-110.376111111    44.507083333
-110.375972222    44.507222222
-110.375833333    44.507361111
-110.375833333    44.507638889
-110.375833333    44.507916667
-110.375833333    44.508194444
-110.375833333    44.508472222
-110.375972222    44.508611111
