-110.611115 44.714226 
-110.611162 44.714126 
-110.612812 44.711491 
-110.612898 44.711398 
-110.613025 44.711262 
-110.613928 44.709506 
-110.614989 44.706528 
-110.616361 44.700154 
-110.616882 44.695117 
-110.616874 44.692484 
-110.616494 44.690195 
-110.616491 44.689241 
-110.616757 44.688707 
-110.617770 44.688095 
-110.619105 44.687750 
-110.620708 44.687786 
-110.624662 44.688353 
-110.627173 44.688387 
-110.629149 44.688232 
-110.638012 44.686731 
-110.638209 44.686678 
-110.638439 44.686616 
-110.641856 44.686153 
-110.643566 44.686303 
-110.645598 44.686987 
-110.647739 44.688166 
-110.649932 44.689155 
-110.654265 44.690789 
-110.658329 44.691851 
-110.661322 44.692456 
-110.664529 44.692909 
-110.670568 44.693356 
-110.680504 44.693147 
-110.687394 44.692677 
-110.696257 44.691286 
-110.699138 44.690593 
-110.703406 44.689097 
-110.707192 44.687448 
-110.709803 44.686031 
-110.712572 44.683964 
-110.713584 44.683428 
-110.715771 44.682698 
-110.719346 44.681927 
-110.721159 44.681275 
-110.722758 44.680470 
-110.725420 44.678671 
-110.727017 44.677408 
-110.728878 44.675610 
-110.732967 44.670641 
-110.736140 44.665888 
-110.736360 44.665558 
-110.736759 44.665807 
-110.737160 44.666054 
-110.737563 44.666300 
-110.737967 44.666545 
-110.738373 44.666788 
-110.738780 44.667030 
-110.739189 44.667270 
-110.739600 44.667510 
-110.740012 44.667747 
-110.740426 44.667983 
-110.740842 44.668218 
-110.741259 44.668452 
-110.741677 44.668683 
-110.742098 44.668914 
-110.742519 44.669143 
-110.742943 44.669371 
-110.743368 44.669597 
-110.743794 44.669821 
-110.744222 44.670045 
-110.744651 44.670266 
-110.745082 44.670486 
-110.745515 44.670705 
-110.745949 44.670922 
-110.746384 44.671138 
-110.746821 44.671352 
-110.747259 44.671565 
-110.747699 44.671776 
-110.748140 44.671986 
-110.748582 44.672194 
-110.749026 44.672401 
-110.749471 44.672606 
-110.749918 44.672810 
-110.750366 44.673012 
-110.750816 44.673212 
-110.751266 44.673411 
-110.751719 44.673609 
-110.752172 44.673805 
-110.752627 44.673999 
-110.753083 44.674192 
-110.753540 44.674383 
-110.753999 44.674572 
-110.754459 44.674760 
-110.754920 44.674947 
-110.755382 44.675132 
-110.755846 44.675315 
-110.756311 44.675496 
-110.756777 44.675677 
-110.757245 44.675855 
-110.757713 44.676032 
-110.758183 44.676207 
-110.758654 44.676381 
-110.759126 44.676553 
-110.759599 44.676723 
-110.760074 44.676892 
-110.760549 44.677059 
-110.761026 44.677224 
-110.761504 44.677388 
-110.761983 44.677550 
-110.762463 44.677710 
-110.762944 44.677869 
-110.763426 44.678026 
-110.763909 44.678182 
-110.764394 44.678336 
-110.764879 44.678488 
-110.765365 44.678638 
-110.765853 44.678787 
-110.766341 44.678934 
-110.766830 44.679080 
-110.767321 44.679224 
-110.767812 44.679366 
-110.768304 44.679506 
-110.768797 44.679645 
-110.769291 44.679782 
-110.769786 44.679917 
-110.770282 44.680051 
-110.770779 44.680183 
-110.771277 44.680313 
-110.771776 44.680441 
-110.772275 44.680568 
-110.772775 44.680693 
-110.773276 44.680816 
-110.773778 44.680938 
-110.774281 44.681058 
-110.774785 44.681176 
-110.775289 44.681292 
-110.775794 44.681407 
-110.776018 44.681564 
-110.776243 44.681719 
-110.776470 44.681873 
-110.776699 44.682026 
-110.776930 44.682177 
-110.777162 44.682327 
-110.777396 44.682476 
-110.777632 44.682623 
-110.777870 44.682769 
-110.778109 44.682913 
-110.778349 44.683056 
-110.778592 44.683198 
-110.778836 44.683338 
-110.779082 44.683476 
-110.779329 44.683614 
-110.779578 44.683750 
-110.779828 44.683884 
-110.780080 44.684017 
-110.780334 44.684148 
-110.780589 44.684278 
-110.780845 44.684407 
-110.781103 44.684533 
-110.781362 44.684659 
-110.781623 44.684783 
-110.781886 44.684905 
-110.782149 44.685026 
-110.782414 44.685145 
-110.782681 44.685263 
-110.782948 44.685379 
-110.783218 44.685493 
-110.783488 44.685606 
-110.783760 44.685717 
-110.784033 44.685827 
-110.784307 44.685935 
-110.784582 44.686042 
-110.784859 44.686147 
-110.785137 44.686250 
-110.785416 44.686351 
-110.785696 44.686451 
-110.785978 44.686550 
-110.786260 44.686646 
-110.786544 44.686741 
-110.786829 44.686835 
-110.787114 44.686926 
-110.787401 44.687016 
-110.787689 44.687105 
-110.787978 44.687191 
-110.788268 44.687276 
-110.788559 44.687359 
-110.788850 44.687441 
-110.789143 44.687521 
-110.789437 44.687599 
-110.789731 44.687675 
-110.790027 44.687750 
-110.790323 44.687822 
-110.790620 44.687894 
-110.790918 44.687963 
-110.791216 44.688031 
-110.791516 44.688096 
-110.791816 44.688161 
-110.792117 44.688223 
-110.792419 44.688283 
-110.792721 44.688342 
-110.793024 44.688399 
-110.793328 44.688454 
-110.793632 44.688508 
-110.793937 44.688560 
-110.794242 44.688609 
-110.794548 44.688657 
-110.794855 44.688704 
-110.795162 44.688748 
-110.795469 44.688791 
-110.795778 44.688832 
-110.796086 44.688871 
-110.796395 44.688908 
-110.796704 44.688943 
-110.797014 44.688977 
-110.797324 44.689009 
-110.797635 44.689039 
-110.797946 44.689067 
-110.798257 44.689093 
-110.798568 44.689118 
-110.798880 44.689140 
-110.799192 44.689161 
-110.799504 44.689180 
-110.799817 44.689197 
-110.800129 44.689212 
-110.800442 44.689226 
-110.800755 44.689237 
-110.801068 44.689247 
-110.801381 44.689255 
-110.801695 44.689261 
-110.802008 44.689266 
-110.802321 44.689268 
-110.802635 44.689269 
-110.802948 44.689267 
-110.803261 44.689264 
-110.803574 44.689259 
-110.803888 44.689253 
-110.804201 44.689244 
-110.804514 44.689234 
-110.804827 44.689221 
-110.805139 44.689207 
-110.805452 44.689191 
-110.805764 44.689173 
-110.806076 44.689154 
-110.806388 44.689132 
-110.806700 44.689109 
-110.807011 44.689084 
-110.807322 44.689057 
-110.807633 44.689028 
-110.807944 44.688998 
-110.808254 44.688965 
-110.808563 44.688931 
-110.808873 44.688895 
-110.809181 44.688857 
-110.809490 44.688817 
-110.809798 44.688776 
-110.810105 44.688733 
-110.810412 44.688687 
-110.810718 44.688641 
-110.811024 44.688592 
-110.811329 44.688541 
-110.811634 44.688489 
-110.811938 44.688435 
-110.812249 44.688437 
-110.812560 44.688438 
-110.812871 44.688436 
-110.813182 44.688433 
-110.813492 44.688428 
-110.813803 44.688421 
-110.814114 44.688412 
-110.814424 44.688402 
-110.814735 44.688389 
-110.815045 44.688375 
-110.815355 44.688359 
-110.815665 44.688342 
-110.815975 44.688322 
-110.816284 44.688301 
-110.816593 44.688277 
-110.816902 44.688252 
-110.817211 44.688226 
-110.817519 44.688197 
-110.817827 44.688167 
-110.818135 44.688134 
-110.818442 44.688100 
-110.818749 44.688064 
-110.819055 44.688027 
-110.819361 44.687987 
-110.819667 44.687946 
-110.819972 44.687903 
-110.820276 44.687858 
-110.820580 44.687812 
-110.820883 44.687764 
-110.821186 44.687714 
-110.821489 44.687662 
-110.821790 44.687608 
-110.822091 44.687553 
-110.822392 44.687495 
-110.822691 44.687437 
-110.822990 44.687376 
-110.823289 44.687313 
-110.823586 44.687249 
-110.823883 44.687183 
-110.824179 44.687116 
-110.824475 44.687046 
-110.824769 44.686975 
-110.825063 44.686903 
-110.825356 44.686828 
-110.825647 44.686752 
-110.825939 44.686674 
-110.826229 44.686594 
-110.826518 44.686513 
-110.826806 44.686430 
-110.827094 44.686345 
-110.827380 44.686259 
-110.827665 44.686171 
-110.827950 44.686081 
-110.828233 44.685990 
-110.828515 44.685897 
-110.828796 44.685802 
-110.829076 44.685706 
-110.829355 44.685608 
-110.829633 44.685508 
-110.829909 44.685407 
-110.830185 44.685304 
-110.830459 44.685200 
-110.830732 44.685093 
-110.831004 44.684986 
-110.831275 44.684877 
-110.831544 44.684766 
-110.831812 44.684653 
-110.832079 44.684540 
-110.832344 44.684424 
-110.832608 44.684307 
-110.832871 44.684188 
-110.833132 44.684068 
-110.833392 44.683947 
-110.833651 44.683824 
-110.833908 44.683699 
-110.834163 44.683573 
-110.834418 44.683445 
-110.834670 44.683316 
-110.834922 44.683185 
-110.835171 44.683053 
-110.835419 44.682920 
-110.835666 44.682785 
-110.835911 44.682648 
-110.836155 44.682510 
-110.836397 44.682371 
-110.836637 44.682230 
-110.836876 44.682088 
-110.837113 44.681945 
-110.837348 44.681800 
-110.837582 44.681654 
-110.837814 44.681506 
-110.838044 44.681357 
-110.838273 44.681207 
-110.838500 44.681055 
-110.838725 44.680902 
-110.838948 44.680748 
-110.839170 44.680593 
-110.839389 44.680436 
-110.839607 44.680278 
-110.839824 44.680118 
-110.840038 44.679958 
-110.840250 44.679796 
-110.840461 44.679632 
-110.840670 44.679468 
-110.840860 44.679222 
-110.841053 44.678977 
-110.841248 44.678733 
-110.841445 44.678490 
-110.841645 44.678248 
-110.841847 44.678006 
-110.842051 44.677766 
-110.842257 44.677526 
-110.842465 44.677288 
-110.842676 44.677050 
-110.842888 44.676814 
-110.843103 44.676578 
-110.843320 44.676344 
-110.843539 44.676110 
-110.843761 44.675878 
-110.843984 44.675647 
-110.844209 44.675416 
-110.844437 44.675187 
-110.844667 44.674959 
-110.844898 44.674731 
-110.845132 44.674505 
-110.845368 44.674280 
-110.845606 44.674056 
-110.845846 44.673833 
-110.846088 44.673612 
-110.846332 44.673391 
-110.846578 44.673172 
-110.846826 44.672953 
-110.847076 44.672736 
-110.847328 44.672520 
-110.847582 44.672306 
-110.847838 44.672092 
-110.848096 44.671880 
-110.848356 44.671669 
-110.848617 44.671459 
-110.848881 44.671250 
-110.849147 44.671042 
-110.849414 44.670836 
-110.849683 44.670631 
-110.849954 44.670427 
-110.850227 44.670225 
-110.850502 44.670024 
-110.850779 44.669824 
-110.851058 44.669625 
-110.851338 44.669428 
-110.851620 44.669232 
-110.851904 44.669037 
-110.852190 44.668843 
-110.852477 44.668651 
-110.852766 44.668461 
-110.853057 44.668271 
-110.853350 44.668083 
-110.853644 44.667897 
-110.853940 44.667711 
-110.854238 44.667527 
-110.854538 44.667345 
-110.854839 44.667164 
-110.855141 44.666984 
-110.855446 44.666806 
-110.855752 44.666629 
-110.856059 44.666454 
-110.856369 44.666280 
-110.856679 44.666107 
-110.856992 44.665936 
-110.857306 44.665766 
-110.857621 44.665598 
-110.857938 44.665431 
-110.858256 44.665266 
-110.858576 44.665102 
-110.858898 44.664940 
-110.859221 44.664779 
-110.859545 44.664620 
-110.859871 44.664462 
-110.860199 44.664306 
-110.860527 44.664151 
-110.860857 44.663998 
-110.861189 44.663847 
-110.861522 44.663697 
-110.861856 44.663548 
-110.862192 44.663401 
-110.862529 44.663256 
-110.862867 44.663112 
-110.863206 44.662970 
-110.863547 44.662829 
-110.863889 44.662690 
-110.864233 44.662552 
-110.864577 44.662416 
-110.864923 44.662282 
-110.865270 44.662150 
-110.865619 44.662019 
-110.865968 44.661889 
-110.866659 44.661699 
-110.867350 44.661510 
-110.868042 44.661323 
-110.868735 44.661138 
-110.869429 44.660954 
-110.870124 44.660772 
-110.870820 44.660592 
-110.871516 44.660414 
-110.872214 44.660237 
-110.872912 44.660062 
-110.873611 44.659888 
-110.874311 44.659716 
-110.875012 44.659546 
-110.875713 44.659378 
-110.876415 44.659211 
-110.877119 44.659046 
-110.877822 44.658883 
-110.878527 44.658722 
-110.879232 44.658562 
-110.879939 44.658404 
-110.880645 44.658247 
-110.881353 44.658093 
-110.882061 44.657940 
-110.882771 44.657789 
-110.883480 44.657639 
-110.884191 44.657491 
-110.884902 44.657345 
-110.885614 44.657201 
-110.886327 44.657058 
-110.887040 44.656917 
-110.887754 44.656778 
-110.888468 44.656641 
-110.889184 44.656505 
-110.889899 44.656371 
-110.890616 44.656239 
-110.891333 44.656108 
-110.892051 44.655980 
-110.892769 44.655853 
-110.893488 44.655728 
-110.894208 44.655604 
-110.894928 44.655482 
-110.895648 44.655362 
-110.896370 44.655244 
-110.897091 44.655128 
-110.897814 44.655013 
-110.898537 44.654900 
-110.899260 44.654789 
-110.899984 44.654679 
-110.900709 44.654571 
-110.901434 44.654465 
-110.902159 44.654361 
-110.902885 44.654259 
-110.903611 44.654158 
-110.904338 44.654059 
-110.905066 44.653962 
-110.905794 44.653867 
-110.906522 44.653773 
-110.907251 44.653681 
-110.907980 44.653591 
-110.908710 44.653503 
-110.909440 44.653416 
-110.910170 44.653331 
-110.910370 44.653237 
-110.910571 44.653143 
-110.910774 44.653051 
-110.910978 44.652961 
-110.911184 44.652872 
-110.911391 44.652785 
-110.911599 44.652700 
-110.911809 44.652616 
-110.912019 44.652534 
-110.912231 44.652453 
-110.912444 44.652374 
-110.912659 44.652297 
-110.912874 44.652221 
-110.913091 44.652147 
-110.913308 44.652074 
-110.913527 44.652004 
-110.913747 44.651934 
-110.913968 44.651867 
-110.914190 44.651801 
-110.914412 44.651737 
-110.914636 44.651675 
-110.914861 44.651615 
-110.915086 44.651556 
-110.915313 44.651499 
-110.915540 44.651443 
-110.915768 44.651390 
-110.915997 44.651338 
-110.916227 44.651288 
-110.916457 44.651239 
-110.916688 44.651193 
-110.916920 44.651148 
-110.917153 44.651105 
-110.917386 44.651064 
-110.917619 44.651024 
-110.917854 44.650986 
-110.918089 44.650951 
-110.918324 44.650917 
-110.918560 44.650884 
-110.918796 44.650854 
-110.919033 44.650825 
-110.919270 44.650798 
-110.919508 44.650773 
-110.919746 44.650750 
-110.919984 44.650729 
-110.920223 44.650709 
-110.920462 44.650692 
-110.920701 44.650676 
-110.920940 44.650662 
-110.921180 44.650650 
-110.921419 44.650639 
-110.921659 44.650631 
-110.921899 44.650624 
-110.922139 44.650619 
-110.922379 44.650616 
-110.922620 44.650615 
-110.922860 44.650616 
-110.923100 44.650618 
-110.923340 44.650623 
-110.923580 44.650629 
-110.923820 44.650637 
-110.924060 44.650647 
-110.924299 44.650658 
-110.924539 44.650672 
-110.924778 44.650687 
-110.925017 44.650705 
-110.925255 44.650724 
-110.925452 44.650705 
-110.925649 44.650684 
-110.925845 44.650661 
-110.926041 44.650637 
-110.926236 44.650611 
-110.926430 44.650583 
-110.926625 44.650553 
-110.926818 44.650522 
-110.927012 44.650489 
-110.927204 44.650454 
-110.927396 44.650417 
-110.927587 44.650379 
-110.927778 44.650339 
-110.927968 44.650297 
-110.928157 44.650254 
-110.928345 44.650209 
-110.928532 44.650162 
-110.928719 44.650113 
-110.928905 44.650063 
-110.929089 44.650011 
-110.929273 44.649957 
-110.929456 44.649902 
-110.929638 44.649845 
-110.929819 44.649787 
-110.929999 44.649726 
-110.930178 44.649665 
-110.930355 44.649601 
-110.930532 44.649536 
-110.930707 44.649470 
-110.930881 44.649402 
-110.931054 44.649332 
-110.931226 44.649261 
-110.931396 44.649188 
-110.931565 44.649113 
-110.931733 44.649037 
-110.931900 44.648960 
-110.932065 44.648881 
-110.932228 44.648801 
-110.932390 44.648719 
-110.932551 44.648636 
-110.932710 44.648551 
-110.932868 44.648465 
-110.933024 44.648377 
-110.933179 44.648288 
-110.933332 44.648198 
-110.933483 44.648106 
-110.933633 44.648013 
-110.933781 44.647918 
-110.933927 44.647822 
-110.934072 44.647725 
-110.934215 44.647627 
-110.934356 44.647527 
-110.934496 44.647426 
-110.934633 44.647324 
-110.934769 44.647220 
-110.934903 44.647116 
-110.935035 44.647010 
-110.935165 44.646903 
-110.935294 44.646795 
-110.935420 44.646685 
-110.935544 44.646575 
-110.935667 44.646463 
-110.935789 44.646349 
-110.935909 44.646234 
-110.936026 44.646117 
-110.936142 44.646000 
-110.936256 44.645881 
-110.936367 44.645762 
-110.936476 44.645641 
-110.936584 44.645520 
-110.936689 44.645397 
-110.936791 44.645274 
-110.936892 44.645149 
-110.936990 44.645024 
-110.937086 44.644898 
-110.937180 44.644771 
-110.937271 44.644643 
-110.937360 44.644515 
-110.937447 44.644385 
-110.937532 44.644255 
-110.937614 44.644124 
-110.937694 44.643992 
-110.937771 44.643859 
-110.937846 44.643726 
-110.937919 44.643592 
-110.937989 44.643458 
-110.938057 44.643323 
-110.938122 44.643187 
-110.938185 44.643051 
-110.938246 44.642914 
-110.938304 44.642776 
-110.938359 44.642638 
-110.938412 44.642500 
-110.938463 44.642361 
-110.938511 44.642221 
-110.938557 44.642081 
-110.938600 44.641941 
-110.938640 44.641801 
-110.938678 44.641660 
-110.938714 44.641518 
-110.938747 44.641377 
-110.938894 44.641196 
-110.939045 44.641017 
-110.939197 44.640838 
-110.939351 44.640661 
-110.939508 44.640484 
-110.939667 44.640308 
-110.939828 44.640134 
-110.939991 44.639960 
-110.940156 44.639787 
-110.940324 44.639616 
-110.940493 44.639445 
-110.940665 44.639276 
-110.940839 44.639108 
-110.941014 44.638940 
-110.941192 44.638774 
-110.941372 44.638609 
-110.941554 44.638446 
-110.941738 44.638283 
-110.941924 44.638121 
-110.942112 44.637961 
-110.942302 44.637802 
-110.942493 44.637644 
-110.942687 44.637487 
-110.942883 44.637331 
-110.943080 44.637177 
-110.943280 44.637024 
-110.943481 44.636872 
-110.943685 44.636722 
-110.943890 44.636573 
-110.944097 44.636425 
-110.944305 44.636278 
-110.944516 44.636133 
-110.944728 44.635989 
-110.944942 44.635846 
-110.945158 44.635705 
-110.945375 44.635565 
-110.945595 44.635426 
-110.945816 44.635289 
-110.946038 44.635153 
-110.946263 44.635019 
-110.946489 44.634886 
-110.946716 44.634754 
-110.946945 44.634624 
-110.947176 44.634495 
-110.947409 44.634368 
-110.947642 44.634242 
-110.947878 44.634118 
-110.948115 44.633995 
-110.948353 44.633874 
-110.948593 44.633754 
-110.948835 44.633636 
-110.949078 44.633519 
-110.949322 44.633404 
-110.949568 44.633290 
-110.949815 44.633178 
-110.950063 44.633068 
-110.950313 44.632959 
-110.950564 44.632851 
-110.950817 44.632745 
-110.951071 44.632641 
-110.951326 44.632538 
-110.951582 44.632437 
-110.951840 44.632338 
-110.952098 44.632240 
-110.952358 44.632144 
-110.952620 44.632049 
-110.952882 44.631956 
-110.953145 44.631865 
-110.953410 44.631775 
-110.953676 44.631688 
-110.953942 44.631601 
-110.954210 44.631517 
-110.954479 44.631434 
-110.954749 44.631353 
-110.955019 44.631273 
-110.955291 44.631195 
-110.955564 44.631119 
-110.955838 44.631045 
-110.956112 44.630972 
-110.956388 44.630901 
-110.956664 44.630832 
-110.957000 44.630708 
-110.957335 44.630582 
-110.957669 44.630454 
-110.958001 44.630325 
-110.958333 44.630194 
-110.958663 44.630061 
-110.958992 44.629927 
-110.959319 44.629792 
-110.959645 44.629654 
-110.959970 44.629515 
-110.960294 44.629375 
-110.960616 44.629233 
-110.960937 44.629089 
-110.961256 44.628944 
-110.961574 44.628797 
-110.961891 44.628649 
-110.962206 44.628499 
-110.962520 44.628348 
-110.962832 44.628195 
-110.963143 44.628041 
-110.963453 44.627885 
-110.963761 44.627728 
-110.964067 44.627569 
-110.964372 44.627408 
-110.964675 44.627247 
-110.964977 44.627083 
-110.965277 44.626919 
-110.965576 44.626752 
-110.965873 44.626585 
-110.966168 44.626416 
-110.966462 44.626245 
-110.966754 44.626073 
-110.967045 44.625900 
-110.967333 44.625725 
-110.967621 44.625549 
-110.967906 44.625371 
-110.968190 44.625192 
-110.968472 44.625012 
-110.968752 44.624830 
-110.969031 44.624647 
-110.969308 44.624462 
-110.969583 44.624277 
-110.969856 44.624089 
-110.970128 44.623901 
-110.970397 44.623711 
-110.970665 44.623520 
-110.970931 44.623328 
-110.971195 44.623134 
-110.971458 44.622939 
-110.971718 44.622743 
-110.971977 44.622545 
-110.972233 44.622347 
-110.972488 44.622147 
-110.972741 44.621945 
-110.972992 44.621743 
-110.973241 44.621539 
-110.973488 44.621334 
-110.973733 44.621128 
-110.973976 44.620921 
-110.974218 44.620713 
-110.974457 44.620503 
-110.974694 44.620292 
-110.974929 44.620080 
-110.975162 44.619867 
-110.975393 44.619653 
-110.975622 44.619438 
-110.975849 44.619221 
-110.976074 44.619004 
-110.976297 44.618785 
-110.976517 44.618565 
-110.976736 44.618345 
-110.976952 44.618123 
-110.977167 44.617900 
-110.977379 44.617676 
-110.977589 44.617451 
-110.977797 44.617225 
-110.978003 44.616998 
-110.978206 44.616770 
-110.978408 44.616541 
-110.978607 44.616311 
-110.978804 44.616081 
-110.978999 44.615849 
-110.979191 44.615616 
-110.979382 44.615382 
-110.979570 44.615148 
-110.979756 44.614912 
-110.979939 44.614676 
-110.980121 44.614438 
-110.980300 44.614200 
-110.980477 44.613961 
-110.980651 44.613721 
-110.980824 44.613480 
-110.980993 44.613239 
-110.981161 44.612996 
-110.981326 44.612753 
-110.981489 44.612509 
-110.981650 44.612264 
-110.981808 44.612019 
-110.981964 44.611772 
-110.982118 44.611525 
-110.982269 44.611277 
-110.982418 44.611029 
-110.982565 44.610779 
-110.982709 44.610529 
-110.982851 44.610279 
-110.982990 44.610027 
-110.983127 44.609775 
-110.983261 44.609522 
-110.983393 44.609269 
-110.983523 44.609015 
-110.983650 44.608760 
-110.983775 44.608505 
-110.983898 44.608249 
-110.984018 44.607993 
-110.984135 44.607736 
-110.984250 44.607478 
-110.984363 44.607220 
-110.984473 44.606961 
-110.984580 44.606702 
-110.984686 44.606442 
-110.984788 44.606182 
-110.984889 44.605921 
-110.984986 44.605660 
-110.985081 44.605398 
-110.985174 44.605136 
-110.985264 44.604874 
-110.985352 44.604611 
-110.985437 44.604347 
-110.985520 44.604083 
-110.985600 44.603819 
-110.985678 44.603554 
-110.985753 44.603289 
-110.985825 44.603024 
-110.985896 44.602758 
-110.985963 44.602492 
-110.986028 44.602226 
-110.986090 44.601959 
-110.986150 44.601692 
-110.986185 44.601443 
-110.986221 44.601193 
-110.986261 44.600944 
-110.986302 44.600695 
-110.986347 44.600447 
-110.986394 44.600198 
-110.986443 44.599950 
-110.986495 44.599702 
-110.986550 44.599455 
-110.986607 44.599207 
-110.986666 44.598960 
-110.986728 44.598714 
-110.986793 44.598467 
-110.986860 44.598221 
-110.986930 44.597975 
-110.987002 44.597730 
-110.987077 44.597485 
-110.987154 44.597241 
-110.987233 44.596996 
-110.987315 44.596753 
-110.987400 44.596509 
-110.987487 44.596267 
-110.987577 44.596024 
-110.987669 44.595782 
-110.987763 44.595541 
-110.987860 44.595300 
-110.987960 44.595060 
-110.988061 44.594820 
-110.988166 44.594580 
-110.988273 44.594342 
-110.988382 44.594103 
-110.988493 44.593866 
-110.988607 44.593629 
-110.988724 44.593392 
-110.988843 44.593156 
-110.988964 44.592921 
-110.989088 44.592686 
-110.989214 44.592453 
-110.989342 44.592219 
-110.989473 44.591987 
-110.989606 44.591755 
-110.989742 44.591524 
-110.989879 44.591293 
-110.990020 44.591063 
-110.990162 44.590834 
-110.990307 44.590606 
-110.990454 44.590378 
-110.990604 44.590152 
-110.990756 44.589926 
-110.990910 44.589700 
-110.991066 44.589476 
-110.991225 44.589253 
-110.991386 44.589030 
-110.991549 44.588808 
-110.991715 44.588587 
-110.991883 44.588367 
-110.992053 44.588148 
-110.992225 44.587929 
-110.992400 44.587712 
-110.992576 44.587495 
-110.992755 44.587280 
-110.992936 44.587065 
-110.993120 44.586851 
-110.993305 44.586638 
-110.993493 44.586427 
-110.993683 44.586216 
-110.993874 44.586006 
-110.994069 44.585797 
-110.994265 44.585589 
-110.994463 44.585382 
-110.994663 44.585177 
-110.994866 44.584972 
-110.995070 44.584768 
-110.995277 44.584566 
-110.995486 44.584364 
-110.995697 44.584164 
-110.995909 44.583965 
-110.996124 44.583767 
-110.996341 44.583570 
-110.996560 44.583374 
-110.996781 44.583179 
-110.997004 44.582985 
-110.997228 44.582793 
-110.997455 44.582602 
-110.997684 44.582411 
-110.997914 44.582223 
-110.998147 44.582035 
-110.998381 44.581848 
-110.998618 44.581663 
-110.998856 44.581479 
-110.999096 44.581296 
-110.999338 44.581115 
-110.999582 44.580935 
-110.999827 44.580756 
-111.000075 44.580578 
-111.000324 44.580402 
-111.000575 44.580227 
-111.000828 44.580053 
-111.001149 44.579934 
-111.001468 44.579813 
-111.001786 44.579691 
-111.002103 44.579567 
-111.002419 44.579441 
-111.002734 44.579314 
-111.003047 44.579185 
-111.003359 44.579055 
-111.003670 44.578923 
-111.003979 44.578789 
-111.004287 44.578654 
-111.004594 44.578518 
-111.004899 44.578380 
-111.005203 44.578240 
-111.005506 44.578099 
-111.005807 44.577956 
-111.006107 44.577812 
-111.006405 44.577666 
-111.006702 44.577519 
-111.006997 44.577370 
-111.007291 44.577220 
-111.007584 44.577068 
-111.007875 44.576915 
-111.008164 44.576761 
-111.008452 44.576605 
-111.008739 44.576447 
-111.009024 44.576288 
-111.009307 44.576128 
-111.009588 44.575966 
-111.009869 44.575803 
-111.010147 44.575638 
-111.010424 44.575472 
-111.010699 44.575305 
-111.010973 44.575136 
-111.011244 44.574966 
-111.011515 44.574794 
-111.011783 44.574621 
-111.012050 44.574447 
-111.012315 44.574272 
-111.012578 44.574095 
-111.012840 44.573917 
-111.013099 44.573737 
-111.013357 44.573556 
-111.013614 44.573374 
-111.013868 44.573191 
-111.014120 44.573006 
-111.014371 44.572820 
-111.014620 44.572633 
-111.014867 44.572444 
-111.015112 44.572255 
-111.015356 44.572064 
-111.015597 44.571871 
-111.015837 44.571678 
-111.016074 44.571484 
-111.016310 44.571288 
-111.016544 44.571091 
-111.016776 44.570893 
-111.017005 44.570693 
-111.017233 44.570493 
-111.017459 44.570291 
-111.017683 44.570089 
-111.017905 44.569885 
-111.018125 44.569680 
-111.018343 44.569474 
-111.018558 44.569267 
-111.018772 44.569058 
-111.018984 44.568849 
-111.019194 44.568639 
-111.019401 44.568427 
-111.019607 44.568215 
-111.019810 44.568001 
-111.020011 44.567787 
-111.020210 44.567571 
-111.020407 44.567355 
-111.020602 44.567137 
-111.020795 44.566919 
-111.020985 44.566699 
-111.021174 44.566479 
-111.021360 44.566258 
-111.021544 44.566035 
-111.021726 44.565812 
-111.021905 44.565588 
-111.022083 44.565363 
-111.022258 44.565137 
-111.022431 44.564910 
-111.022602 44.564683 
-111.022770 44.564454 
-111.022936 44.564225 
-111.023100 44.563995 
-111.023262 44.563764 
-111.023421 44.563532 
-111.023578 44.563300 
-111.023733 44.563066 
-111.023886 44.562832 
-111.024036 44.562597 
-111.034150 44.554985 
-111.034528 44.554146 
-111.034908 44.553307 
-111.035291 44.552469 
-111.035676 44.551632 
-111.036063 44.550795 
-111.036453 44.549959 
-111.036845 44.549124 
-111.037240 44.548289 
-111.037637 44.547454 
-111.038037 44.546621 
-111.038439 44.545787 
-111.038898 44.545359 
-111.039352 44.544928 
-111.039803 44.544494 
-111.040250 44.544059 
-111.040692 44.543621 
-111.041130 44.543182 
-111.041565 44.542740 
-111.041995 44.542296 
-111.042420 44.541850 
-111.042842 44.541402 
-111.043259 44.540952 
-111.043672 44.540500 
-111.044081 44.540046 
-111.044485 44.539590 
-111.044885 44.539132 
-111.045281 44.538672 
-111.045672 44.538210 
-111.046059 44.537747 
-111.046442 44.537281 
-111.046820 44.536814 
-111.047194 44.536345 
-111.047563 44.535874 
-111.047928 44.535401 
-111.048288 44.534927 
-111.048644 44.534450 
-111.048996 44.533972 
-111.049342 44.533493 
-111.049685 44.533011 
-111.050022 44.532528 
-111.050356 44.532044 
-111.050684 44.531558 
-111.051008 44.531070 
-111.051327 44.530581 
-111.051642 44.530090 
-111.051952 44.529598 
-111.052258 44.529104 
-111.052558 44.528608 
-111.052854 44.528112 
-111.053146 44.527614 
-111.053432 44.527114 
-111.053714 44.526613 
-111.053991 44.526111 
-111.054264 44.525607 
-111.054531 44.525102 
-111.054794 44.524596 
-111.055052 44.524089 
-111.055305 44.523580 
-111.055554 44.523070 
-111.055797 44.522559 
-111.056036 44.522047 
-111.056270 44.521533 
-111.056499 44.521019 
-111.056723 44.520503 
-111.056942 44.519986 
-111.057157 44.519469 
-111.057366 44.518950 
-111.057571 44.518430 
-111.057770 44.517909 
-111.057965 44.517388 
-111.058155 44.516865 
-111.058340 44.516341 
-111.058520 44.515817 
-111.058695 44.515292 
-111.058865 44.514766 
-111.059030 44.514239 
-111.059190 44.513711 
-111.059345 44.513183 
-111.059495 44.512653 
-111.059640 44.512123 
-111.059780 44.511593 
-111.059915 44.511062 
-111.060045 44.510530 
-111.060170 44.509997 
-111.060290 44.509464 
-111.060404 44.508930 
-111.060514 44.508396 
-111.060619 44.507861 
-111.060719 44.507326 
-111.060813 44.506790 
-111.060903 44.506254 
-111.060988 44.505718 
-111.061067 44.505181 
-111.061141 44.504643 
-111.061211 44.504105 
-111.061275 44.503567 
-111.061334 44.503029 
-111.061388 44.502491 
-111.061437 44.501952 
-111.061481 44.501413 
-111.061520 44.500873 
-111.061554 44.500334 
-111.061249 44.499692 
-111.060939 44.499050 
-111.060625 44.498410 
-111.060306 44.497772 
-111.059982 44.497134 
-111.059653 44.496498 
-111.059319 44.495863 
-111.058981 44.495229 
-111.058638 44.494597 
-111.058290 44.493966 
-111.057938 44.493336 
-111.057581 44.492708 
-111.057219 44.492081 
-111.056852 44.491455 
-111.056481 44.490831 
-111.056105 44.490208 
-111.055725 44.489587 
-111.055339 44.488967 
-111.054950 44.488349 
-111.054555 44.487732 
-111.054156 44.487117 
-111.053752 44.486503 
-111.053344 44.485891 
-111.052931 44.485280 
-111.052514 44.484671 
-111.052092 44.484064 
-111.051665 44.483458 
-111.051234 44.482854 
-111.050799 44.482251 
-111.050359 44.481651 
-111.049914 44.481051 
-111.049465 44.480454 
-111.049012 44.479858 
-111.048554 44.479265 
-111.048092 44.478672 
-111.047625 44.478082 
-111.047154 44.477494 
-111.046678 44.476907 
-111.046198 44.476322 
-111.045714 44.475739 
-111.045225 44.475158 
-111.044732 44.474578 
-111.044235 44.474001 
-111.043733 44.473426 
-111.043227 44.472852 
-111.042717 44.472280 
-111.042202 44.471711 
-111.041683 44.471143 
-111.041160 44.470578 
-111.040633 44.470014 
-111.040102 44.469452 
-111.039566 44.468893 
-111.039026 44.468335 
-111.038482 44.467780 
-111.037934 44.467227 
-111.037382 44.466676 
-111.036825 44.466126 
-111.036265 44.465580 
-111.035700 44.465035 
-111.035132 44.464492 
-111.034559 44.463952 
-111.033982 44.463414 
-111.033402 44.462878 
-111.032817 44.462344 
-111.032228 44.461813 
-111.031636 44.461283 
-111.031039 44.460756 
-111.030438 44.460232 
-111.029834 44.459710 
-111.028901 44.458941 
-111.027972 44.458170 
-111.027047 44.457396 
-111.026125 44.456620 
-111.025208 44.455842 
-111.025189 44.455825 
-111.025189 44.455825 
-111.024294 44.455061 
-111.023384 44.454278 
-111.022478 44.453493 
-111.021576 44.452706 
-111.020678 44.451916 
-111.019784 44.451124 
-111.018894 44.450329 
-111.018008 44.449533 
-111.017125 44.448734 
-111.016247 44.447933 
-111.015373 44.447130 
-111.014502 44.446324 
-111.013636 44.445517 
-111.012774 44.444707 
-111.011915 44.443895 
-111.011061 44.443080 
-111.010211 44.442264 
-111.009364 44.441445 
-111.008522 44.440625 
-111.007684 44.439802 
-111.006850 44.438977 
-111.006020 44.438150 
-111.005195 44.437321 
-111.004373 44.436489 
-111.003555 44.435656 
-111.002742 44.434821 
-111.001933 44.433983 
-111.001128 44.433144 
-111.000327 44.432302 
-110.999530 44.431458 
-110.998737 44.430613 
-110.997949 44.429765 
-110.997165 44.428916 
-110.996385 44.428064 
-110.995609 44.427210 
-110.994838 44.426355 
-110.994070 44.425497 
-110.993307 44.424638 
-110.992549 44.423777 
-110.991794 44.422913 
-110.991044 44.422048 
-110.990298 44.421181 
-110.989557 44.420312 
-110.988819 44.419441 
-110.988086 44.418568 
-110.987358 44.417694 
-110.986634 44.416817 
-110.985914 44.415939 
-110.985198 44.415059 
-110.984487 44.414177 
-110.983780 44.413293 
-110.983078 44.412408 
-110.982380 44.411521 
-110.981686 44.410632 
-110.980997 44.409741 
-110.980312 44.408848 
-110.979631 44.407954 
-110.978955 44.407058 
-110.978284 44.406161 
-110.977617 44.405261 
-110.976954 44.404360 
-110.976296 44.403457 
-110.975642 44.402553 
-110.974993 44.401647 
-110.974348 44.400739 
-110.971012 44.394950 
-110.967957 44.388938 
-110.964623 44.382259 
-110.962121 44.376693 
-110.957126 44.366674 
-110.953511 44.361328 
-110.944896 44.352190 
-110.937945 44.345724 
-110.929890 44.339478 
-110.924603 44.334795 
-110.917663 44.329218 
-110.912101 44.327203 
-110.906541 44.324075 
-110.899872 44.319610 
-110.896267 44.313595 
-110.893506 44.306469 
-110.890189 44.297339 
-110.886318 44.289988 
-110.882157 44.282858 
-110.879112 44.277956 
-110.870242 44.267253 
-110.861364 44.260555 
-110.848600 44.253844 
-110.830552 44.246672 
-110.820556 44.243749 
-110.813615 44.240835 
-110.802516 44.235905 
-110.793087 44.232092 
-110.784483 44.229839 
-110.774759 44.227581 
-110.756990 44.226406 
-110.745875 44.226365 
-110.736697 44.227444 
-110.727520 44.228299 
-110.718619 44.230045 
-110.712782 44.231802 
-110.705819 44.234222 
-110.696082 44.236630 
-110.685234 44.238588 
-110.676043 44.241665 
-110.661553 44.247833 
-110.655875 44.251745 
-110.655136 44.251974 
-110.654395 44.252199 
-110.653652 44.252422 
-110.652907 44.252641 
-110.652161 44.252856 
-110.651412 44.253068 
-110.650661 44.253277 
-110.649909 44.253482 
-110.649155 44.253684 
-110.648399 44.253883 
-110.647641 44.254078 
-110.646882 44.254270 
-110.646121 44.254458 
-110.645358 44.254643 
-110.644594 44.254824 
-110.643915 44.254982 
-110.643828 44.255002 
-110.643061 44.255176 
-110.642292 44.255347 
-110.641521 44.255515 
-110.640749 44.255679 
-110.639976 44.255839 
-110.639202 44.255996 
-110.638426 44.256150 
-110.637648 44.256299 
-110.636870 44.256446 
-110.636090 44.256589 
-110.635309 44.256728 
-110.634526 44.256864 
-110.633743 44.256996 
-110.632958 44.257125 
-110.632172 44.257250 
-110.631385 44.257372 
-110.630597 44.257490 
-110.629808 44.257604 
-110.629018 44.257715 
-110.628228 44.257822 
-110.627436 44.257926 
-110.626643 44.258026 
-110.625849 44.258123 
-110.625055 44.258216 
-110.624260 44.258305 
-110.623464 44.258391 
-110.622667 44.258473 
-110.621870 44.258552 
-110.621072 44.258627 
-110.620273 44.258698 
-110.619474 44.258766 
-110.618674 44.258830 
-110.617873 44.258890 
-110.617072 44.258947 
-110.616271 44.259000 
-110.615469 44.259050 
-110.614666 44.259096 
-110.613864 44.259138 
-110.613061 44.259177 
-110.612257 44.259212 
-110.611454 44.259244 
-110.610650 44.259271 
-110.609845 44.259295 
-110.609041 44.259316 
-110.608236 44.259333 
-110.607432 44.259346 
-110.606627 44.259356 
-110.606192 44.259470 
-110.605758 44.259587 
-110.605326 44.259707 
-110.604896 44.259831 
-110.604468 44.259959 
-110.604042 44.260089 
-110.603618 44.260223 
-110.603196 44.260360 
-110.602776 44.260501 
-110.602358 44.260644 
-110.601942 44.260791 
-110.601529 44.260941 
-110.601117 44.261095 
-110.600708 44.261251 
-110.600302 44.261411 
-110.599898 44.261574 
-110.599496 44.261740 
-110.599097 44.261909 
-110.598701 44.262081 
-110.598307 44.262256 
-110.597915 44.262434 
-110.597527 44.262616 
-110.597141 44.262800 
-110.596758 44.262987 
-110.596378 44.263178 
-110.596001 44.263371 
-110.595626 44.263567 
-110.595255 44.263766 
-110.594886 44.263968 
-110.594521 44.264173 
-110.594159 44.264380 
-110.593800 44.264591 
-110.593444 44.264804 
-110.593091 44.265020 
-110.592742 44.265238 
-110.592396 44.265460 
-110.592053 44.265684 
-110.591714 44.265910 
-110.591378 44.266139 
-110.591045 44.266371 
-110.590716 44.266606 
-110.590391 44.266843 
-110.590069 44.267082 
-110.589751 44.267324 
-110.589436 44.267569 
-110.589125 44.267816 
-110.588818 44.268065 
-110.588515 44.268316 
-110.588215 44.268570 
-110.587919 44.268827 
-110.587627 44.269085 
-110.587339 44.269346 
-110.587055 44.269609 
-110.586775 44.269874 
-110.586499 44.270142 
-110.586227 44.270411 
-110.568056 44.284485 
-110.567907 44.284679 
-110.567753 44.284870 
-110.567595 44.285060 
-110.567432 44.285248 
-110.567265 44.285434 
-110.567094 44.285618 
-110.566919 44.285800 
-110.566739 44.285979 
-110.566555 44.286157 
-110.566367 44.286332 
-110.566175 44.286505 
-110.565980 44.286676 
-110.565780 44.286844 
-110.565576 44.287010 
-110.565369 44.287174 
-110.565157 44.287335 
-110.564943 44.287493 
-110.564724 44.287649 
-110.564502 44.287802 
-110.564276 44.287953 
-110.564047 44.288101 
-110.563815 44.288246 
-110.563579 44.288388 
-110.563340 44.288528 
-110.563098 44.288665 
-110.562852 44.288798 
-110.562604 44.288929 
-110.562352 44.289057 
-110.562098 44.289182 
-110.561841 44.289303 
-110.561581 44.289422 
-110.561318 44.289538 
-110.561053 44.289650 
-110.560785 44.289759 
-110.560515 44.289865 
-110.560242 44.289968 
-110.559967 44.290067 
-110.559689 44.290164 
-110.559410 44.290257 
-110.559128 44.290346 
-110.558845 44.290432 
-110.558559 44.290515 
-110.558271 44.290594 
-110.557982 44.290670 
-110.557691 44.290743 
-110.557398 44.290812 
-110.557104 44.290877 
-110.556808 44.290939 
-110.556511 44.290997 
-110.556213 44.291052 
-110.555913 44.291103 
-110.555612 44.291151 
-110.555311 44.291195 
-110.555008 44.291236 
-110.554704 44.291273 
-110.554400 44.291306 
-110.554094 44.291335 
-110.553788 44.291361 
-110.553482 44.291384 
-110.553203 44.291360 
-110.552923 44.291341 
-110.552643 44.291324 
-110.552363 44.291312 
-110.552082 44.291303 
-110.551801 44.291297 
-110.551520 44.291295 
-110.551239 44.291297 
-110.550958 44.291302 
-110.550678 44.291311 
-110.550397 44.291324 
-110.550117 44.291340 
-110.549837 44.291359 
-110.549558 44.291383 
-110.549280 44.291409 
-110.549002 44.291440 
-110.548725 44.291474 
-110.548449 44.291511 
-110.548174 44.291552 
-110.547900 44.291596 
-110.547627 44.291644 
-110.547355 44.291696 
-110.547085 44.291751 
-110.546816 44.291809 
-110.546548 44.291871 
-110.546282 44.291936 
-110.546018 44.292004 
-110.545755 44.292076 
-110.545495 44.292151 
-110.545236 44.292230 
-110.544979 44.292312 
-110.544724 44.292397 
-110.544471 44.292485 
-110.544221 44.292577 
-110.543973 44.292672 
-110.543727 44.292769 
-110.543484 44.292870 
-110.543243 44.292975 
-110.543005 44.293082 
-110.542770 44.293192 
-110.542537 44.293305 
-110.542307 44.293421 
-110.542080 44.293540 
-110.541857 44.293662 
-110.541636 44.293787 
-110.541418 44.293915 
-110.541203 44.294045 
-110.540992 44.294178 
-110.540784 44.294314 
-110.540580 44.294452 
-110.540379 44.294593 
-110.540181 44.294737 
-110.539987 44.294883 
-110.539510 44.295373 
-110.539029 44.295861 
-110.538543 44.296348 
-110.538054 44.296832 
-110.537561 44.297314 
-110.537064 44.297794 
-110.536563 44.298272 
-110.536058 44.298748 
-110.535550 44.299222 
-110.535037 44.299693 
-110.534521 44.300163 
-110.534001 44.300630 
-110.533477 44.301095 
-110.532949 44.301558 
-110.532417 44.302019 
-110.531882 44.302477 
-110.531343 44.302933 
-110.530800 44.303387 
-110.529550 44.303961 
-110.528297 44.304533 
-110.527041 44.305101 
-110.525782 44.305666 
-110.524521 44.306228 
-110.523257 44.306786 
-110.521990 44.307342 
-110.520721 44.307895 
-110.519449 44.308445 
-110.518175 44.308991 
-110.516898 44.309535 
-110.515619 44.310075 
-110.514337 44.310612 
-110.513052 44.311147 
-110.511765 44.311678 
-110.510475 44.312206 
-110.509183 44.312730 
-110.507889 44.313252 
-110.506592 44.313771 
-110.505292 44.314286 
-110.503991 44.314798 
-110.502686 44.315307 
-110.501380 44.315813 
-110.500070 44.316316 
-110.498759 44.316815 
-110.497445 44.317312 
-110.496129 44.317805 
-110.495630 44.318059 
-110.495135 44.318316 
-110.494642 44.318576 
-110.494152 44.318838 
-110.493666 44.319104 
-110.493182 44.319373 
-110.492702 44.319644 
-110.492225 44.319919 
-110.491751 44.320196 
-110.491280 44.320476 
-110.490812 44.320759 
-110.490348 44.321045 
-110.489887 44.321333 
-110.489430 44.321624 
-110.488976 44.321918 
-110.488525 44.322215 
-110.488078 44.322514 
-110.487634 44.322816 
-110.487194 44.323120 
-110.486757 44.323428 
-110.486324 44.323737 
-110.485894 44.324050 
-110.485468 44.324365 
-110.485046 44.324682 
-110.484628 44.325002 
-110.484213 44.325325 
-110.483802 44.325650 
-110.483394 44.325977 
-110.482991 44.326307 
-110.482591 44.326639 
-110.482195 44.326974 
-110.481804 44.327311 
-110.481416 44.327650 
-110.481032 44.327992 
-110.480652 44.328335 
-110.480276 44.328682 
-110.479904 44.329030 
-110.479536 44.329380 
-110.479172 44.329733 
-110.478812 44.330088 
-110.478456 44.330445 
-110.478105 44.330804 
-110.477758 44.331166 
-110.477414 44.331529 
-110.477076 44.331894 
-110.476741 44.332262 
-110.476411 44.332631 
-110.476084 44.333002 
-110.475763 44.333376 
-110.475445 44.333751 
-110.475132 44.334128 
-110.474824 44.334507 
-110.474519 44.334888 
-110.474219 44.335270 
-110.473924 44.335655 
-110.473633 44.336041 
-110.473347 44.336428 
-110.473065 44.336818 
-110.472787 44.337209 
-110.472515 44.337602 
-110.472246 44.337996 
-110.471983 44.338393 
-110.471724 44.338790 
-110.471592 44.338948 
-110.471456 44.339104 
-110.471315 44.339258 
-110.471171 44.339411 
-110.471022 44.339561 
-110.470869 44.339709 
-110.470712 44.339854 
-110.470552 44.339998 
-110.470387 44.340139 
-110.470219 44.340278 
-110.470046 44.340415 
-110.469871 44.340549 
-110.469691 44.340680 
-110.469508 44.340809 
-110.469321 44.340936 
-110.469131 44.341059 
-110.468938 44.341180 
-110.468741 44.341299 
-110.468542 44.341414 
-110.468339 44.341527 
-110.468133 44.341637 
-110.467924 44.341744 
-110.467712 44.341848 
-110.467497 44.341948 
-110.467280 44.342046 
-110.467060 44.342141 
-110.466837 44.342233 
-110.466612 44.342321 
-110.466385 44.342407 
-110.466155 44.342489 
-110.465923 44.342568 
-110.465689 44.342643 
-110.465453 44.342716 
-110.465216 44.342785 
-110.464976 44.342850 
-110.464734 44.342912 
-110.464491 44.342971 
-110.464246 44.343027 
-110.464000 44.343079 
-110.463753 44.343127 
-110.463504 44.343172 
-110.463254 44.343213 
-110.463003 44.343251 
-110.462751 44.343286 
-110.462498 44.343316 
-110.462244 44.343344 
-110.461989 44.343367 
-110.461734 44.343387 
-110.461479 44.343404 
-110.461223 44.343417 
-110.460966 44.343426 
-110.460710 44.343432 
-110.460453 44.343434 
-110.460197 44.343432 
-110.459940 44.343427 
-110.459684 44.343418 
-110.459428 44.343406 
-110.459172 44.343390 
-110.458917 44.343370 
-110.458663 44.343347 
-110.458409 44.343320 
-110.458156 44.343290 
-110.457903 44.343256 
-110.457652 44.343219 
-110.457402 44.343178 
-110.457153 44.343133 
-110.456905 44.343085 
-110.456659 44.343034 
-110.456414 44.342979 
-110.456170 44.342921 
-110.455929 44.342859 
-110.455689 44.342794 
-110.455450 44.342725 
-110.455214 44.342654 
-110.454869 44.342658 
-110.454523 44.342666 
-110.454178 44.342678 
-110.453833 44.342693 
-110.453489 44.342712 
-110.453145 44.342735 
-110.452801 44.342761 
-110.452458 44.342791 
-110.452116 44.342824 
-110.451774 44.342861 
-110.451433 44.342901 
-110.451093 44.342945 
-110.450754 44.342993 
-110.450416 44.343044 
-110.450079 44.343098 
-110.449743 44.343156 
-110.449408 44.343218 
-110.449075 44.343283 
-110.448743 44.343351 
-110.448412 44.343423 
-110.448083 44.343499 
-110.447755 44.343577 
-110.447429 44.343660 
-110.447105 44.343745 
-110.446782 44.343834 
-110.446462 44.343926 
-110.446143 44.344022 
-110.445826 44.344121 
-110.445511 44.344223 
-110.445199 44.344329 
-110.444888 44.344437 
-110.444580 44.344549 
-110.444274 44.344665 
-110.443970 44.344783 
-110.443669 44.344904 
-110.443370 44.345029 
-110.443074 44.345157 
-110.442780 44.345287 
-110.442489 44.345421 
-110.442201 44.345558 
-110.441916 44.345698 
-110.441633 44.345841 
-110.441354 44.345986 
-110.441077 44.346135 
-110.440804 44.346287 
-110.440533 44.346441 
-110.440266 44.346598 
-110.440002 44.346758 
-110.439741 44.346920 
-110.439483 44.347086 
-110.439229 44.347254 
-110.438978 44.347424 
-110.438731 44.347597 
-110.438487 44.347773 
-110.438247 44.347952 
-110.438011 44.348132 
-110.437778 44.348315 
-110.437549 44.348501 
-110.437323 44.348689 
-110.437102 44.348879 
-110.436935 44.349055 
-110.436764 44.349229 
-110.436590 44.349401 
-110.436412 44.349571 
-110.436230 44.349739 
-110.436044 44.349905 
-110.435855 44.350069 
-110.435654 44.350237 
-110.435449 44.350403 
-110.435240 44.350567 
-110.435027 44.350728 
-110.434811 44.350887 
-110.434591 44.351043 
-110.434367 44.351197 
-110.434140 44.351348 
-110.433910 44.351496 
-110.433676 44.351642 
-110.433439 44.351784 
-110.433199 44.351924 
-110.432956 44.352061 
-110.432709 44.352195 
-110.432460 44.352327 
-110.432207 44.352455 
-110.431952 44.352580 
-110.431693 44.352702 
-110.431432 44.352822 
-110.431168 44.352938 
-110.430902 44.353051 
-110.430633 44.353161 
-110.430362 44.353267 
-110.430088 44.353371 
-110.429812 44.353471 
-110.429533 44.353568 
-110.429253 44.353661 
-110.428970 44.353752 
-110.428686 44.353839 
-110.428399 44.353922 
-110.428110 44.354002 
-110.427820 44.354079 
-110.427528 44.354153 
-110.427234 44.354222 
-110.426939 44.354289 
-110.426642 44.354352 
-110.426344 44.354411 
-110.426045 44.354467 
-110.425744 44.354519 
-110.425442 44.354568 
-110.425139 44.354614 
-110.424835 44.354655 
-110.424530 44.354693 
-110.424225 44.354728 
-110.423918 44.354759 
-110.423611 44.354786 
-110.423304 44.354810 
-110.422995 44.354830 
-110.422687 44.354846 
-110.422496 44.354825 
-110.422304 44.354808 
-110.422111 44.354794 
-110.421918 44.354783 
-110.421725 44.354776 
-110.421532 44.354772 
-110.421339 44.354772 
-110.421145 44.354776 
-110.420952 44.354782 
-110.420759 44.354793 
-110.420567 44.354807 
-110.420375 44.354824 
-110.420184 44.354844 
-110.419990 44.354869 
-110.419798 44.354897 
-110.419606 44.354928 
-110.419416 44.354964 
-110.419227 44.355002 
-110.419040 44.355044 
-110.418854 44.355089 
-110.418670 44.355138 
-110.418487 44.355190 
-110.418307 44.355245 
-110.418128 44.355304 
-110.417952 44.355366 
-110.417777 44.355431 
-110.417606 44.355499 
-110.417436 44.355571 
-110.417270 44.355645 
-110.417106 44.355722 
-110.416944 44.355803 
-110.416786 44.355886 
-110.416631 44.355972 
-110.416478 44.356061 
-110.416329 44.356153 
-110.416184 44.356248 
-110.416041 44.356345 
-110.415903 44.356444 
-110.415767 44.356547 
-110.415636 44.356651 
-110.415508 44.356758 
-110.415384 44.356867 
-110.415383 44.356868 
-110.415176 44.357053 
-110.414964 44.357235 
-110.414749 44.357416 
-110.414530 44.357593 
-110.414308 44.357769 
-110.414082 44.357942 
-110.413852 44.358112 
-110.413618 44.358280 
-110.413381 44.358446 
-110.413141 44.358609 
-110.412897 44.358769 
-110.412650 44.358927 
-110.412400 44.359082 
-110.412146 44.359234 
-110.411889 44.359383 
-110.411629 44.359530 
-110.411366 44.359674 
-110.411100 44.359815 
-110.410831 44.359953 
-110.410559 44.360088 
-110.410285 44.360220 
-110.410008 44.360350 
-110.409727 44.360476 
-110.409445 44.360599 
-110.409160 44.360719 
-110.408872 44.360836 
-110.408582 44.360950 
-110.408289 44.361061 
-110.407995 44.361168 
-110.407698 44.361272 
-110.407398 44.361373 
-110.407097 44.361471 
-110.406794 44.361566 
-110.406489 44.361657 
-110.406181 44.361745 
-110.405873 44.361830 
-110.405562 44.361911 
-110.405249 44.361989 
-110.404936 44.362064 
-110.404620 44.362135 
-110.404303 44.362203 
-110.403985 44.362267 
-110.403665 44.362328 
-110.403344 44.362385 
-110.403022 44.362439 
-110.402699 44.362489 
-110.402375 44.362536 
-110.402050 44.362580 
-110.401724 44.362619 
-110.401397 44.362656 
-110.401069 44.362689 
-110.400741 44.362718 
-110.400412 44.362743 
-110.400083 44.362766 
-110.399753 44.362784 
-110.399423 44.362799 
-110.399093 44.362811 
-110.398762 44.362818 
-110.398432 44.362823 
-110.398101 44.362823 
-110.397770 44.362821 
-110.397440 44.362814 
-110.397109 44.362804 
-110.396779 44.362790 
-110.396449 44.362773 
-110.396120 44.362753 
-110.395692 44.362734 
-110.395265 44.362719 
-110.394837 44.362708 
-110.394409 44.362701 
-110.393980 44.362697 
-110.393552 44.362697 
-110.393124 44.362700 
-110.392696 44.362708 
-110.392268 44.362718 
-110.391840 44.362733 
-110.391412 44.362751 
-110.390985 44.362773 
-110.390558 44.362799 
-110.390132 44.362828 
-110.389706 44.362861 
-110.389281 44.362897 
-110.388856 44.362937 
-110.388432 44.362981 
-110.388009 44.363029 
-110.387587 44.363080 
-110.387166 44.363134 
-110.386745 44.363193 
-110.386326 44.363255 
-110.385907 44.363320 
-110.385490 44.363389 
-110.385074 44.363462 
-110.384659 44.363538 
-110.384245 44.363618 
-110.383833 44.363701 
-110.383422 44.363788 
-110.383013 44.363878 
-110.382605 44.363972 
-110.382199 44.364069 
-110.381794 44.364170 
-110.381391 44.364274 
-110.380990 44.364382 
-110.380591 44.364493 
-110.380193 44.364608 
-110.379798 44.364726 
-110.379404 44.364847 
-110.379013 44.364972 
-110.378624 44.365100 
-110.378237 44.365231 
-110.377852 44.365366 
-110.377469 44.365504 
-110.377089 44.365645 
-110.376711 44.365789 
-110.376335 44.365937 
-110.375962 44.366088 
-110.375592 44.366242 
-110.375224 44.366400 
-110.374858 44.366560 
-110.374496 44.366724 
-110.374136 44.366890 
-110.373779 44.367060 
-110.373425 44.367233 
-110.373073 44.367409 
-110.372725 44.367587 
-110.372380 44.367769 
-110.372038 44.367954 
-110.371698 44.368141 
-110.371362 44.368332 
-110.371030 44.368525 
-110.370700 44.368722 
-110.370374 44.368921 
-110.370051 44.369123 
-110.369731 44.369327 
-110.369415 44.369534 
-110.369103 44.369744 
-110.368793 44.369957 
-110.368488 44.370172 
-110.368186 44.370390 
-110.367888 44.370611 
-110.367593 44.370834 
-110.367302 44.371059 
-110.367015 44.371287 
-110.366732 44.371518 
-110.366452 44.371751 
-110.366177 44.371986 
-110.365905 44.372224 
-110.365638 44.372464 
-110.365374 44.372706 
-110.365115 44.372950 
-110.364859 44.373197 
-110.364608 44.373446 
-110.364361 44.373697 
-110.364118 44.373950 
-110.363879 44.374205 
-110.363645 44.374462 
-110.363415 44.374721 
-110.363189 44.374982 
-110.362967 44.375245 
-110.362750 44.375510 
-110.362442 44.375750 
-110.362137 44.375992 
-110.361836 44.376237 
-110.361538 44.376484 
-110.361244 44.376733 
-110.360954 44.376985 
-110.360668 44.377239 
-110.360386 44.377495 
-110.360107 44.377753 
-110.359833 44.378013 
-110.359562 44.378276 
-110.359295 44.378540 
-110.359033 44.378807 
-110.358774 44.379075 
-110.358519 44.379346 
-110.358269 44.379618 
-110.358022 44.379893 
-110.357780 44.380169 
-110.357542 44.380447 
-110.357308 44.380727 
-110.357079 44.381009 
-110.356707 44.381179 
-110.356333 44.381345 
-110.355956 44.381508 
-110.355576 44.381669 
-110.355194 44.381825 
-110.354809 44.381979 
-110.354422 44.382130 
-110.354032 44.382277 
-110.353640 44.382421 
-110.353246 44.382562 
-110.352849 44.382699 
-110.352451 44.382833 
-110.352050 44.382964 
-110.351647 44.383091 
-110.351241 44.383215 
-110.350834 44.383335 
-110.350425 44.383453 
-110.350014 44.383566 
-110.349602 44.383677 
-110.349187 44.383783 
-110.348771 44.383887 
-110.348353 44.383987 
-110.347934 44.384083 
-110.347513 44.384176 
-110.347090 44.384265 
-110.346666 44.384351 
-110.346241 44.384433 
-110.345815 44.384512 
-110.345387 44.384587 
-110.344958 44.384658 
-110.344528 44.384726 
-110.344096 44.384790 
-110.343664 44.384851 
-110.343231 44.384908 
-110.342797 44.384962 
-110.342362 44.385011 
-110.341926 44.385057 
-110.341490 44.385100 
-110.341053 44.385139 
-110.340615 44.385174 
-110.340177 44.385206 
-110.339738 44.385233 
-110.339299 44.385258 
-110.338859 44.385278 
-110.338419 44.385295 
-110.337979 44.385308 
-110.337539 44.385318 
-110.337132 44.385323 
-110.336724 44.385326 
-110.336317 44.385325 
-110.335910 44.385321 
-110.335502 44.385314 
-110.335095 44.385303 
-110.334688 44.385290 
-110.334060 44.385249 
-110.333431 44.385212 
-110.332802 44.385179 
-110.332172 44.385149 
-110.331542 44.385123 
-110.330912 44.385100 
-110.330282 44.385081 
-110.329651 44.385066 
-110.329020 44.385054 
-110.328390 44.385045 
-110.327759 44.385041 
-110.327128 44.385039 
-110.326497 44.385042 
-110.325866 44.385048 
-110.325235 44.385058 
-110.324604 44.385071 
-110.323974 44.385088 
-110.323344 44.385108 
-110.322714 44.385132 
-110.322084 44.385160 
-110.321454 44.385191 
-110.320825 44.385226 
-110.320197 44.385264 
-110.319568 44.385306 
-110.318941 44.385351 
-110.318313 44.385400 
-110.317687 44.385453 
-110.308164 44.386298 
-110.303183 44.386740 
-110.302869 44.386797 
-110.302556 44.386857 
-110.302245 44.386921 
-110.301935 44.386988 
-110.301626 44.387059 
-110.301319 44.387133 
-110.301014 44.387210 
-110.300710 44.387291 
-110.300408 44.387375 
-110.300108 44.387462 
-110.299809 44.387552 
-110.299513 44.387646 
-110.299219 44.387743 
-110.298926 44.387843 
-110.298636 44.387946 
-110.298348 44.388052 
-110.298062 44.388162 
-110.297779 44.388274 
-110.297498 44.388390 
-110.297220 44.388508 
-110.296944 44.388630 
-110.296670 44.388755 
-110.296400 44.388882 
-110.296132 44.389013 
-110.295867 44.389146 
-110.295604 44.389282 
-110.295345 44.389421 
-110.295089 44.389563 
-110.294835 44.389708 
-110.294585 44.389855 
-110.294338 44.390005 
-110.294094 44.390158 
-110.293853 44.390314 
-110.293612 44.390474 
-110.293374 44.390637 
-110.293140 44.390803 
-110.292909 44.390971 
-110.292682 44.391142 
-110.292459 44.391316 
-110.292240 44.391491 
-110.292024 44.391670 
-110.291812 44.391850 
-110.291604 44.392033 
-110.291400 44.392218 
-110.291200 44.392405 
-110.291004 44.392595 
-110.290812 44.392787 
-110.290625 44.392981 
-110.290441 44.393176 
-110.290262 44.393374 
-110.290087 44.393574 
-110.289916 44.393776 
-110.289750 44.393979 
-110.289588 44.394185 
-110.289430 44.394392 
-110.289277 44.394601 
-110.289128 44.394811 
-110.288984 44.395023 
-110.288845 44.395237 
-110.288710 44.395452 
-110.288579 44.395669 
-110.288454 44.395887 
-110.288333 44.396106 
-110.288217 44.396327 
-110.288105 44.396549 
-110.287999 44.396772 
-110.288040 44.397100 
-110.288086 44.397427 
-110.288137 44.397754 
-110.288193 44.398080 
-110.288255 44.398406 
-110.288321 44.398731 
-110.288392 44.399056 
-110.288469 44.399380 
-110.288550 44.399704 
-110.288636 44.400027 
-110.288728 44.400349 
-110.288824 44.400671 
-110.288925 44.400991 
-110.289032 44.401311 
-110.289143 44.401630 
-110.289259 44.401948 
-110.289380 44.402266 
-110.289506 44.402582 
-110.289636 44.402897 
-110.289772 44.403211 
-110.289912 44.403524 
-110.290058 44.403836 
-110.290208 44.404147 
-110.290363 44.404456 
-110.290522 44.404765 
-110.290687 44.405072 
-110.290856 44.405377 
-110.291030 44.405681 
-110.291208 44.405984 
-110.291392 44.406286 
-110.291580 44.406586 
-110.291772 44.406884 
-110.291969 44.407181 
-110.292171 44.407477 
-110.292377 44.407770 
-110.292588 44.408062 
-110.292766 44.408450 
-110.292938 44.408839 
-110.293106 44.409229 
-110.293270 44.409621 
-110.293428 44.410013 
-110.293582 44.410406 
-110.293730 44.410800 
-110.293874 44.411195 
-110.294013 44.411591 
-110.294147 44.411988 
-110.294276 44.412386 
-110.294400 44.412784 
-110.294520 44.413184 
-110.294634 44.413584 
-110.294744 44.413984 
-110.294848 44.414386 
-110.294948 44.414788 
-110.295042 44.415190 
-110.295132 44.415593 
-110.295217 44.415997 
-110.295296 44.416402 
-110.295371 44.416806 
-110.295441 44.417212 
-110.295505 44.417617 
-110.295565 44.418023 
-110.295620 44.418430 
-110.295669 44.418837 
-110.295714 44.419244 
-110.295753 44.419651 
-110.295788 44.420058 
-110.295818 44.420466 
-110.295842 44.420874 
-110.295862 44.421282 
-110.295876 44.421690 
-110.295885 44.422099 
-110.295890 44.422507 
-110.295889 44.422915 
-110.295883 44.423324 
-110.295873 44.423732 
-110.295857 44.424140 
-110.295836 44.424548 
-110.295810 44.424956 
-110.295779 44.425364 
-110.295743 44.425771 
-110.295702 44.426178 
-110.295656 44.426585 
-110.295605 44.426992 
-110.295549 44.427398 
-110.295488 44.427804 
-110.295422 44.428210 
-110.295351 44.428615 
-110.295275 44.429020 
-110.295194 44.429424 
-110.295108 44.429827 
-110.295017 44.430230 
-110.294921 44.430633 
-110.294820 44.431035 
-110.294714 44.431436 
-110.294604 44.431836 
-110.294488 44.432236 
-110.294367 44.432635 
-110.294241 44.433034 
-110.294111 44.433431 
-110.293975 44.433828 
-110.293835 44.434223 
-110.293690 44.434618 
-110.293540 44.435012 
-110.293385 44.435405 
-110.293225 44.435797 
-110.293060 44.436188 
-110.292891 44.436578 
-110.292427 44.437263 
-110.291967 44.437950 
-110.291513 44.438638 
-110.291062 44.439328 
-110.290617 44.440019 
-110.290175 44.440712 
-110.289739 44.441406 
-110.289307 44.442102 
-110.288880 44.442800 
-110.288457 44.443498 
-110.288039 44.444199 
-110.287626 44.444900 
-110.287218 44.445603 
-110.286814 44.446308 
-110.286415 44.447014 
-110.286020 44.447721 
-110.285630 44.448430 
-110.285245 44.449139 
-110.284865 44.449851 
-110.284490 44.450563 
-110.284119 44.451277 
-110.283753 44.451992 
-110.283392 44.452708 
-110.283035 44.453426 
-110.282684 44.454144 
-110.282337 44.454864 
-110.281995 44.455585 
-110.281657 44.456308 
-110.281325 44.457031 
-110.280997 44.457755 
-110.280674 44.458481 
-110.280356 44.459208 
-110.280043 44.459936 
-110.279735 44.460664 
-110.279432 44.461394 
-110.279133 44.462125 
-110.278840 44.462857 
-110.278551 44.463590 
-110.278267 44.464324 
-110.277988 44.465059 
-110.277714 44.465795 
-110.277445 44.466532 
-110.277181 44.467269 
-110.276921 44.468008 
-110.276667 44.468747 
-110.276418 44.469488 
-110.276173 44.470229 
-110.275934 44.470971 
-110.275699 44.471714 
-110.275469 44.472457 
-110.275245 44.473202 
-110.275025 44.473947 
-110.274810 44.474693 
-110.274601 44.475439 
-110.274396 44.476187 
-110.274196 44.476935 
-110.274001 44.477683 
-110.273812 44.478433 
-110.273627 44.479183 
-110.273447 44.479933 
-110.273272 44.480684 
-110.273103 44.481436 
-110.272938 44.482189 
-110.272778 44.482941 
-110.272624 44.483695 
-110.272474 44.484449 
-110.272330 44.485203 
-110.272190 44.485958 
-110.272055 44.486714 
-110.271926 44.487470 
-110.271802 44.488226 
-110.271684 44.488975 
-110.271687 44.489552 
-110.271695 44.490129 
-110.271707 44.490707 
-110.271725 44.491284 
-110.271746 44.491861 
-110.271773 44.492438 
-110.271804 44.493015 
-110.271839 44.493591 
-110.271879 44.494168 
-110.271924 44.494744 
-110.271973 44.495320 
-110.272091 44.495748 
-110.272204 44.496176 
-110.272312 44.496605 
-110.272414 44.497034 
-110.272512 44.497464 
-110.272605 44.497895 
-110.272692 44.498326 
-110.272774 44.498757 
-110.272852 44.499190 
-110.272924 44.499622 
-110.272991 44.500055 
-110.273053 44.500488 
-110.273110 44.500922 
-110.273162 44.501356 
-110.273208 44.501791 
-110.273250 44.502225 
-110.273287 44.502660 
-110.273318 44.503095 
-110.273344 44.503530 
-110.273365 44.503966 
-110.273381 44.504401 
-110.273392 44.504837 
-110.273398 44.505272 
-110.273404 44.505413 
-110.273408 44.505554 
-110.273407 44.505694 
-110.273403 44.505835 
-110.273395 44.505975 
-110.273382 44.506141 
-110.273363 44.506307 
-110.273339 44.506472 
-110.273310 44.506637 
-110.273276 44.506802 
-110.273237 44.506966 
-110.273194 44.507129 
-110.273145 44.507291 
-110.273091 44.507453 
-110.273032 44.507614 
-110.272969 44.507774 
-110.272900 44.507933 
-110.272827 44.508091 
-110.272749 44.508247 
-110.272666 44.508402 
-110.272579 44.508556 
-110.272487 44.508709 
-110.272390 44.508860 
-110.272288 44.509010 
-110.272183 44.509158 
-110.272072 44.509304 
-110.271957 44.509449 
-110.271838 44.509591 
-110.271715 44.509732 
-110.271587 44.509871 
-110.271455 44.510008 
-110.271319 44.510143 
-110.271179 44.510275 
-110.271035 44.510406 
-110.270887 44.510534 
-110.270735 44.510660 
-110.270579 44.510783 
-110.270419 44.510904 
-110.270256 44.511022 
-110.270090 44.511138 
-110.269919 44.511251 
-110.269746 44.511362 
-110.269569 44.511470 
-110.269389 44.511575 
-110.269205 44.511677 
-110.269019 44.511776 
-110.268830 44.511872 
-110.268637 44.511966 
-110.268442 44.512056 
-110.268245 44.512143 
-110.268044 44.512228 
-110.267841 44.512309 
-110.267636 44.512386 
-110.267429 44.512461 
-110.267219 44.512532 
-110.267007 44.512601 
-110.266793 44.512665 
-110.266577 44.512727 
-110.266359 44.512785 
-110.266140 44.512839 
-110.265919 44.512891 
-110.265696 44.512938 
-110.265472 44.512983 
-110.265247 44.513023 
-110.265020 44.513061 
-110.264793 44.513094 
-110.264564 44.513124 
-110.264335 44.513151 
-110.264105 44.513174 
-110.263874 44.513193 
-110.263643 44.513209 
-110.263411 44.513221 
-110.263179 44.513230 
-110.262947 44.513235 
-110.262714 44.513236 
-110.262482 44.513234 
-110.262250 44.513228 
-110.262018 44.513218 
-110.261718 44.513188 
-110.261418 44.513154 
-110.261120 44.513117 
-110.260822 44.513076 
-110.260526 44.513031 
-110.260230 44.512983 
-110.259936 44.512931 
-110.259643 44.512875 
-110.259351 44.512816 
-110.259061 44.512754 
-110.258772 44.512688 
-110.258485 44.512618 
-110.258200 44.512545 
-110.257916 44.512469 
-110.257634 44.512389 
-110.256604 44.512275 
-110.255573 44.512164 
-110.254541 44.512057 
-110.253509 44.511953 
-110.252476 44.511853 
-110.251442 44.511757 
-110.250408 44.511664 
-110.249373 44.511574 
-110.248337 44.511488 
-110.247301 44.511406 
-110.246264 44.511327 
-110.245227 44.511252 
-110.244190 44.511180 
-110.228266 44.509428 
-110.227860 44.509383 
-110.227454 44.509341 
-110.227048 44.509303 
-110.226640 44.509268 
-110.226232 44.509237 
-110.225824 44.509209 
-110.225415 44.509185 
-110.225006 44.509165 
-110.224596 44.509148 
-110.224186 44.509135 
-110.223776 44.509125 
-110.223366 44.509119 
-110.222956 44.509116 
-110.222546 44.509118 
-110.222135 44.509122 
-110.221725 44.509131 
-110.221315 44.509143 
-110.220906 44.509158 
-110.220496 44.509178 
-110.220087 44.509200 
-110.219679 44.509227 
-110.219271 44.509257 
-110.218863 44.509290 
-110.218456 44.509328 
-110.218050 44.509368 
-110.217644 44.509413 
-110.217240 44.509460 
-110.216836 44.509512 
-110.216433 44.509567 
-110.216031 44.509625 
-110.215630 44.509687 
-110.215230 44.509753 
-110.214831 44.509822 
-110.214433 44.509894 
-110.214037 44.509970 
-110.213642 44.510050 
-110.213249 44.510133 
-110.212857 44.510219 
-110.212466 44.510309 
-110.212077 44.510403 
-110.211690 44.510499 
-110.211304 44.510599 
-110.210919 44.510703 
-110.210535 44.510810 
-110.210154 44.510921 
-110.209774 44.511035 
-110.209397 44.511152 
-110.209021 44.511273 
-110.208648 44.511397 
-110.208276 44.511524 
-110.207907 44.511654 
-110.207540 44.511788 
-110.207176 44.511925 
-110.206814 44.512065 
-110.206454 44.512209 
-110.206097 44.512355 
-110.205743 44.512505 
-110.205391 44.512657 
-110.205041 44.512813 
-110.204695 44.512972 
-110.204351 44.513134 
-110.204010 44.513299 
-110.203672 44.513467 
-110.203336 44.513638 
-110.203004 44.513812 
-110.202675 44.513989 
-110.202348 44.514168 
-110.202025 44.514351 
-110.201705 44.514536 
-110.201389 44.514724 
-110.201075 44.514915 
-110.200765 44.515109 
-110.200458 44.515305 
-110.200155 44.515504 
-110.199855 44.515706 
-110.199559 44.515911 
-110.199266 44.516118 
-110.198977 44.516327 
-110.198691 44.516539 
-110.198409 44.516754 
-110.198131 44.516971 
-110.197856 44.517191 
-110.197585 44.517412 
-110.197319 44.517637 
-110.197056 44.517863 
-110.196796 44.518092 
-110.196541 44.518323 
-110.196290 44.518557 
-110.196043 44.518793 
-110.195800 44.519030 
-110.195561 44.519270 
-110.195327 44.519512 
-110.195096 44.519756 
-110.194870 44.520002 
-110.194652 44.520246 
-110.194437 44.520492 
-110.194227 44.520739 
-110.194022 44.520988 
-110.193820 44.521239 
-110.193623 44.521492 
-110.193430 44.521747 
-110.193241 44.522003 
-110.193057 44.522260 
-110.192877 44.522520 
-110.192702 44.522781 
-110.192530 44.523043 
-110.192364 44.523307 
-110.192202 44.523572 
-110.192044 44.523839 
-110.191891 44.524107 
-110.191742 44.524376 
-110.191598 44.524646 
-110.191459 44.524918 
-110.191324 44.525191 
-110.191194 44.525465 
-110.191068 44.525740 
-110.190948 44.526017 
-110.190831 44.526294 
-110.190720 44.526572 
-110.190613 44.526852 
-110.190511 44.527132 
-110.190414 44.527413 
-110.190321 44.527694 
-110.190234 44.527977 
-110.190151 44.528260 
-110.189028 44.530051 
-110.187900 44.531841 
-110.186767 44.533629 
-110.185630 44.535415 
-110.184488 44.537200 
-110.183341 44.538984 
-110.182189 44.540766 
-110.181033 44.542546 
-110.180321 44.543637 
-110.179608 44.544728 
-110.176466 44.549538 
-110.176366 44.549750 
-110.176261 44.549960 
-110.176152 44.550169 
-110.176037 44.550377 
-110.175919 44.550584 
-110.175795 44.550789 
-110.175667 44.550993 
-110.175535 44.551195 
-110.175398 44.551396 
-110.175257 44.551595 
-110.175112 44.551793 
-110.174962 44.551989 
-110.174808 44.552183 
-110.174649 44.552375 
-110.174487 44.552566 
-110.174320 44.552755 
-110.174149 44.552942 
-110.173974 44.553127 
-110.173795 44.553310 
-110.173611 44.553491 
-110.173424 44.553670 
-110.173233 44.553846 
-110.173038 44.554021 
-110.172839 44.554193 
-110.172637 44.554363 
-110.172431 44.554531 
-110.172221 44.554696 
-110.172007 44.554859 
-110.171790 44.555020 
-110.171569 44.555178 
-110.171345 44.555334 
-110.170989 44.555580 
-110.170635 44.555829 
-110.170285 44.556080 
-110.169938 44.556333 
-110.169595 44.556588 
-110.169255 44.556846 
-110.168918 44.557107 
-110.168585 44.557369 
-110.168255 44.557634 
-110.167928 44.557900 
-110.167605 44.558169 
-110.167286 44.558440 
-110.166970 44.558714 
-110.166658 44.558989 
-110.166349 44.559266 
-110.166044 44.559546 
-110.165743 44.559827 
-110.165445 44.560111 
-110.165151 44.560396 
-110.164730 44.561014 
-110.164314 44.561633 
-110.163902 44.562253 
-110.163495 44.562876 
-110.163092 44.563499 
-110.162694 44.564125 
-110.162301 44.564751 
-110.161912 44.565380 
-110.161528 44.566009 
-110.161148 44.566640 
-110.160774 44.567273 
-110.160404 44.567907 
-110.160038 44.568542 
-110.159678 44.569179 
-110.159322 44.569817 
-110.158971 44.570457 
-110.158624 44.571097 
-110.158283 44.571739 
-110.157946 44.572383 
-110.157614 44.573027 
-110.157286 44.573673 
-110.156964 44.574320 
-110.156646 44.574969 
-110.156333 44.575618 
-110.156025 44.576269 
-110.155722 44.576921 
-110.155424 44.577574 
-110.155130 44.578228 
-110.154841 44.578883 
-110.154558 44.579539 
-110.154279 44.580197 
-110.154005 44.580855 
-110.153736 44.581515 
-110.153471 44.582175 
-110.153212 44.582837 
-110.152958 44.583499 
-110.152708 44.584163 
-110.152463 44.584827 
-110.152224 44.585492 
-110.151989 44.586158 
-110.151759 44.586825 
-110.151535 44.587493 
-110.151315 44.588162 
-110.151100 44.588832 
-110.150890 44.589502 
-110.150685 44.590173 
-110.150485 44.590845 
-110.150290 44.591518 
-110.150100 44.592191 
-110.149915 44.592865 
-110.149735 44.593540 
-110.149560 44.594215 
-110.149391 44.594892 
-110.149226 44.595568 
-110.149066 44.596246 
-110.148911 44.596924 
-110.148761 44.597602 
-110.148617 44.598281 
-110.148477 44.598961 
-110.148342 44.599641 
-110.148213 44.600322 
-110.148088 44.601003 
-110.147969 44.601685 
-110.147854 44.602367 
-110.147745 44.603049 
-110.147641 44.603732 
-110.147542 44.604415 
-110.147448 44.605099 
-110.147359 44.605783 
-110.147275 44.606467 
-110.147196 44.607152 
-110.147122 44.607837 
-110.147054 44.608522 
-110.146990 44.609207 
-110.146932 44.609893 
-110.146878 44.610579 
-110.146830 44.611265 
-110.146787 44.611951 
-110.146749 44.612638 
-110.146716 44.613324 
-110.146688 44.614011 
-110.146808 44.614452 
-110.146934 44.614892 
-110.147064 44.615332 
-110.147199 44.615771 
-110.147340 44.616209 
-110.147485 44.616646 
-110.147635 44.617083 
-110.147791 44.617518 
-110.147951 44.617953 
-110.148116 44.618387 
-110.148287 44.618819 
-110.148462 44.619251 
-110.148642 44.619681 
-110.148827 44.620111 
-110.149017 44.620539 
-110.149212 44.620967 
-110.149412 44.621393 
-110.149616 44.621818 
-110.149826 44.622242 
-110.150040 44.622664 
-110.150259 44.623086 
-110.150483 44.623506 
-110.150712 44.623924 
-110.150945 44.624342 
-110.151184 44.624757 
-110.151427 44.625172 
-110.151675 44.625585 
-110.151927 44.625997 
-110.152184 44.626407 
-110.152446 44.626816 
-110.152713 44.627223 
-110.152984 44.627628 
-110.153260 44.628032 
-110.153566 44.628184 
-110.153875 44.628332 
-110.154187 44.628478 
-110.154501 44.628620 
-110.154818 44.628759 
-110.155138 44.628895 
-110.155461 44.629028 
-110.155786 44.629158 
-110.156113 44.629284 
-110.156443 44.629408 
-110.156776 44.629528 
-110.157110 44.629644 
-110.157447 44.629757 
-110.157786 44.629867 
-110.158128 44.629974 
-110.158471 44.630077 
-110.158816 44.630177 
-110.159163 44.630273 
-110.159512 44.630366 
-110.159863 44.630456 
-110.160215 44.630542 
-110.160569 44.630624 
-110.160925 44.630703 
-110.161282 44.630778 
-110.161640 44.630850 
-110.162000 44.630919 
-110.162361 44.630983 
-110.162724 44.631045 
-110.163087 44.631102 
-110.163452 44.631156 
-110.163818 44.631207 
-110.164184 44.631253 
-110.164552 44.631296 
-110.164920 44.631336 
-110.165289 44.631372 
-110.165659 44.631404 
-110.166029 44.631432 
-110.166400 44.631457 
-110.166771 44.631478 
-110.167142 44.631496 
-110.167514 44.631510 
-110.167886 44.631520 
-110.168259 44.631526 
-110.168631 44.631529 
-110.169003 44.631528 
-110.169376 44.631523 
-110.169748 44.631515 
-110.170120 44.631503 
-110.170492 44.631487 
-110.170863 44.631468 
-110.171234 44.631445 
-110.171605 44.631418 
-110.171975 44.631388 
-110.172344 44.631354 
-110.172713 44.631316 
-110.173081 44.631275 
-110.173448 44.631230 
-110.173814 44.631181 
-110.174268 44.631048 
-110.174720 44.630912 
-110.175170 44.630772 
-110.175618 44.630629 
-110.176064 44.630482 
-110.176507 44.630333 
-110.176949 44.630180 
-110.177388 44.630024 
-110.177826 44.629864 
-110.178260 44.629702 
-110.178693 44.629536 
-110.179123 44.629367 
-110.179550 44.629195 
-110.179975 44.629020 
-110.180398 44.628841 
-110.180818 44.628660 
-110.181235 44.628475 
-110.181649 44.628288 
-110.182061 44.628097 
-110.182470 44.627903 
-110.182877 44.627707 
-110.183280 44.627507 
-110.183680 44.627305 
-110.184078 44.627099 
-110.184473 44.626891 
-110.184864 44.626679 
-110.185253 44.626465 
-110.185638 44.626248 
-110.186020 44.626028 
-110.186399 44.625806 
-110.186775 44.625580 
-110.187147 44.625352 
-110.187517 44.625121 
-110.187882 44.624888 
-110.188245 44.624651 
-110.188604 44.624412 
-110.188959 44.624171 
-110.189312 44.623927 
-110.189660 44.623680 
-110.190005 44.623431 
-110.189677 44.624216 
-110.189354 44.625003 
-110.189037 44.625790 
-110.188724 44.626578 
-110.188416 44.627368 
-110.188113 44.628158 
-110.187815 44.628950 
-110.187522 44.629742 
-110.187234 44.630535 
-110.186951 44.631330 
-110.186673 44.632125 
-110.186400 44.632921 
-110.186131 44.633717 
-110.185868 44.634515 
-110.185610 44.635314 
-110.185357 44.636113 
-110.185109 44.636913 
-110.184866 44.637714 
-110.184628 44.638516 
-110.184396 44.639318 
-110.184168 44.640121 
-110.183945 44.640925 
-110.183727 44.641730 
-110.183515 44.642535 
-110.183307 44.643341 
-110.183104 44.644148 
-110.182907 44.644955 
-110.182715 44.645763 
-110.182527 44.646572 
-110.182345 44.647381 
-110.182168 44.648190 
-110.181996 44.649001 
-110.181829 44.649811 
-110.181667 44.650623 
-110.181510 44.651435 
-110.181359 44.652247 
-110.181212 44.653060 
-110.181071 44.653873 
-110.180935 44.654687 
-110.180803 44.655501 
-110.180677 44.656315 
-110.180556 44.657130 
-110.180441 44.657946 
-110.180330 44.658761 
-110.180225 44.659577 
-110.180124 44.660394 
-110.180029 44.661210 
-110.179939 44.662027 
-110.179854 44.662845 
-110.179774 44.663662 
-110.179699 44.664480 
-110.179630 44.665298 
-110.179565 44.666116 
-110.179506 44.666934 
-110.179452 44.667753 
-110.179403 44.668572 
-110.179360 44.669391 
-110.179321 44.670210 
-110.179287 44.671029 
-110.179259 44.671848 
-110.179236 44.672667 
-110.179218 44.673487 
-110.179205 44.674306 
-110.179198 44.675126 
-110.179195 44.675945 
-110.179198 44.676765 
-110.179206 44.677584 
-110.179219 44.678404 
-110.179237 44.679223 
-110.179260 44.680042 
-110.179289 44.680862 
-110.179322 44.681681 
-110.179361 44.682500 
-110.179405 44.683319 
-110.179454 44.684137 
-110.179508 44.684956 
-110.179568 44.685774 
-110.179632 44.686593 
-110.179702 44.687411 
-110.179777 44.688228 
-110.179857 44.689046 
-110.179942 44.689863 
-110.180033 44.690680 
-110.180128 44.691497 
-110.180229 44.692313 
-110.180335 44.693129 
-110.180446 44.693945 
-110.180562 44.694760 
-110.180883 44.695450 
-110.181209 44.696139 
-110.181540 44.696826 
-110.181876 44.697512 
-110.182216 44.698197 
-110.182562 44.698881 
-110.182912 44.699564 
-110.183266 44.700245 
-110.183626 44.700926 
-110.183990 44.701605 
-110.184358 44.702282 
-110.184732 44.702959 
-110.185110 44.703634 
-110.185493 44.704307 
-110.185880 44.704980 
-110.186273 44.705650 
-110.186669 44.706320 
-110.187071 44.706988 
-110.187477 44.707655 
-110.187888 44.708320 
-110.188303 44.708984 
-110.188723 44.709646 
-110.189147 44.710307 
-110.189576 44.710967 
-110.190010 44.711624 
-110.190448 44.712281 
-110.190891 44.712935 
-110.191338 44.713589 
-110.191790 44.714240 
-110.192246 44.714890 
-110.192707 44.715539 
-110.193172 44.716185 
-110.193642 44.716830 
-110.194116 44.717474 
-110.194595 44.718116 
-110.195078 44.718756 
-110.195566 44.719394 
-110.196057 44.720031 
-110.196554 44.720666 
-110.197055 44.721299 
-110.197560 44.721930 
-110.198069 44.722560 
-110.198583 44.723188 
-110.199102 44.723814 
-110.199624 44.724438 
-110.200151 44.725060 
-110.200682 44.725680 
-110.201218 44.726299 
-110.201758 44.726916 
-110.202302 44.727530 
-110.202850 44.728143 
-110.203403 44.728754 
-110.203959 44.729363 
-110.204521 44.729970 
-110.205086 44.730575 
-110.205655 44.731178 
-110.206229 44.731779 
-110.206807 44.732378 
-110.207389 44.732975 
-110.207975 44.733570 
-110.208565 44.734162 
-110.209159 44.734753 
-110.209757 44.735342 
-110.210360 44.735928 
-110.210966 44.736513 
-110.211577 44.737095 
-110.212192 44.737675 
-110.212810 44.738253 
-110.213433 44.738828 
-110.214060 44.739402 
-110.214690 44.739973 
-110.215325 44.740542 
-110.215957 44.740896 
-110.216592 44.741246 
-110.217230 44.741594 
-110.217872 44.741939 
-110.218516 44.742281 
-110.219164 44.742620 
-110.219815 44.742955 
-110.220468 44.743288 
-110.221125 44.743618 
-110.221785 44.743945 
-110.222447 44.744269 
-110.223113 44.744590 
-110.223781 44.744908 
-110.224452 44.745222 
-110.225127 44.745534 
-110.225803 44.745843 
-110.226483 44.746148 
-110.227165 44.746450 
-110.227851 44.746750 
-110.228538 44.747046 
-110.229229 44.747339 
-110.229922 44.747628 
-110.230618 44.747915 
-110.231316 44.748198 
-110.232017 44.748478 
-110.232720 44.748755 
-110.233426 44.749029 
-110.234134 44.749299 
-110.234845 44.749567 
-110.235558 44.749831 
-110.236273 44.750091 
-110.236991 44.750349 
-110.237711 44.750603 
-110.238433 44.750854 
-110.239158 44.751101 
-110.239885 44.751345 
-110.240614 44.751586 
-110.241345 44.751824 
-110.242078 44.752058 
-110.242814 44.752289 
-110.243551 44.752516 
-110.244291 44.752740 
-110.245032 44.752961 
-110.245776 44.753178 
-110.246521 44.753392 
-110.247269 44.753602 
-110.248018 44.753809 
-110.248769 44.754013 
-110.249522 44.754213 
-110.250277 44.754410 
-110.256352 44.758913 
-110.257081 44.759269 
-110.257813 44.759623 
-110.258547 44.759973 
-110.259285 44.760321 
-110.260025 44.760665 
-110.260768 44.761007 
-110.261513 44.761345 
-110.262262 44.761680 
-110.263013 44.762013 
-110.263767 44.762342 
-110.264523 44.762668 
-110.265282 44.762991 
-110.266044 44.763311 
-110.266808 44.763628 
-110.267575 44.763942 
-110.268344 44.764252 
-110.269116 44.764559 
-110.269890 44.764864 
-110.270667 44.765165 
-110.271446 44.765463 
-110.272227 44.765757 
-110.273011 44.766049 
-110.273797 44.766337 
-110.274586 44.766622 
-110.275377 44.766904 
-110.276170 44.767183 
-110.276965 44.767458 
-110.277762 44.767730 
-110.278562 44.767999 
-110.279364 44.768264 
-110.280168 44.768527 
-110.280974 44.768786 
-110.281782 44.769041 
-110.282592 44.769294 
-110.283404 44.769543 
-110.284219 44.769789 
-110.285035 44.770031 
-110.285853 44.770270 
-110.286673 44.770506 
-110.287495 44.770738 
-110.288319 44.770967 
-110.289144 44.771193 
-110.289972 44.771415 
-110.290801 44.771634 
-110.291632 44.771849 
-110.292464 44.772062 
-110.293299 44.772270 
-110.294135 44.772475 
-110.295297 44.772938 
-110.296462 44.773397 
-110.297629 44.773853 
-110.298799 44.774305 
-110.299971 44.774754 
-110.301146 44.775200 
-110.302323 44.775643 
-110.303503 44.776083 
-110.304685 44.776519 
-110.305869 44.776952 
-110.307056 44.777381 
-110.308245 44.777808 
-110.309436 44.778231 
-110.310630 44.778651 
-110.311826 44.779067 
-110.313025 44.779480 
-110.314225 44.779890 
-110.315428 44.780296 
-110.316633 44.780699 
-110.317840 44.781099 
-110.319050 44.781495 
-110.320261 44.781888 
-110.321475 44.782278 
-110.322295 44.782533 
-110.323118 44.782785 
-110.323942 44.783034 
-110.324768 44.783279 
-110.325596 44.783521 
-110.326426 44.783759 
-110.327258 44.783994 
-110.328092 44.784226 
-110.328927 44.784455 
-110.329765 44.784680 
-110.330604 44.784901 
-110.331445 44.785120 
-110.332288 44.785334 
-110.333132 44.785546 
-110.333978 44.785754 
-110.334826 44.785958 
-110.335675 44.786160 
-110.336526 44.786357 
-110.337379 44.786552 
-110.338233 44.786742 
-110.339088 44.786930 
-110.339946 44.787114 
-110.340804 44.787294 
-110.341664 44.787471 
-110.342525 44.787644 
-110.343388 44.787814 
-110.344252 44.787981 
-110.345117 44.788144 
-110.345984 44.788303 
-110.346852 44.788459 
-110.347721 44.788612 
-110.348592 44.788761 
-110.349463 44.788906 
-110.350336 44.789048 
-110.351210 44.789186 
-110.352085 44.789321 
-110.352960 44.789452 
-110.353837 44.789580 
-110.354715 44.789704 
-110.355594 44.789825 
-110.356474 44.789942 
-110.357355 44.790056 
-110.358237 44.790165 
-110.359120 44.790272 
-110.360003 44.790375 
-110.360887 44.790474 
-110.361772 44.790570 
-110.362658 44.790662 
-110.363545 44.790750 
-110.364432 44.790835 
-110.365320 44.790916 
-110.366208 44.790994 
-110.367097 44.791068 
-110.367987 44.791139 
-110.368877 44.791205 
-110.369768 44.791269 
-110.370659 44.791328 
-110.371551 44.791385 
-110.372443 44.791437 
-110.373336 44.791486 
-110.374229 44.791531 
-110.375122 44.791573 
-110.376015 44.791611 
-110.376909 44.791645 
-110.377803 44.791676 
-110.378698 44.791703 
-110.379592 44.791727 
-110.380487 44.791747 
-110.381382 44.791763 
-110.381940 44.791787 
-110.382499 44.791808 
-110.383057 44.791825 
-110.383616 44.791838 
-110.384175 44.791848 
-110.384734 44.791854 
-110.385293 44.791857 
-110.385853 44.791856 
-110.386412 44.791851 
-110.386971 44.791842 
-110.387530 44.791830 
-110.388088 44.791815 
-110.388647 44.791796 
-110.389205 44.791773 
-110.389763 44.791746 
-110.390321 44.791716 
-110.390878 44.791682 
-110.391435 44.791645 
-110.391991 44.791604 
-110.392546 44.791560 
-110.393101 44.791511 
-110.393656 44.791460 
-110.394210 44.791404 
-110.394763 44.791345 
-110.395315 44.791283 
-110.395866 44.791217 
-110.396417 44.791147 
-110.396967 44.791074 
-110.397515 44.790997 
-110.398063 44.790917 
-110.398609 44.790833 
-110.399155 44.790745 
-110.399699 44.790654 
-110.400243 44.790560 
-110.400785 44.790462 
-110.401325 44.790360 
-110.401865 44.790255 
-110.402403 44.790147 
-110.402939 44.790035 
-110.403474 44.789919 
-110.404008 44.789800 
-110.404540 44.789678 
-110.405070 44.789552 
-110.405599 44.789423 
-110.406127 44.789290 
-110.406652 44.789154 
-110.407176 44.789015 
-110.407698 44.788872 
-110.408218 44.788725 
-110.408736 44.788576 
-110.409252 44.788423 
-110.409766 44.788266 
-110.410278 44.788107 
-110.410789 44.787944 
-110.411297 44.787777 
-110.411802 44.787608 
-110.412306 44.787435 
-110.412808 44.787259 
-110.413210 44.787178 
-110.413614 44.787102 
-110.414019 44.787028 
-110.414425 44.786959 
-110.414832 44.786893 
-110.415241 44.786830 
-110.415650 44.786771 
-110.416061 44.786716 
-110.416472 44.786664 
-110.416884 44.786616 
-110.417298 44.786572 
-110.417711 44.786531 
-110.418126 44.786494 
-110.418541 44.786460 
-110.418957 44.786431 
-110.419373 44.786404 
-110.419790 44.786382 
-110.420207 44.786363 
-110.420624 44.786348 
-110.421041 44.786337 
-110.421459 44.786329 
-110.421877 44.786325 
-110.422295 44.786324 
-110.422712 44.786328 
-110.423130 44.786334 
-110.423548 44.786345 
-110.423965 44.786359 
-110.424382 44.786377 
-110.424799 44.786399 
-110.425215 44.786424 
-110.425631 44.786453 
-110.426046 44.786486 
-110.426461 44.786522 
-110.426875 44.786562 
-110.427288 44.786606 
-110.427701 44.786653 
-110.428112 44.786704 
-110.428523 44.786759 
-110.428933 44.786817 
-110.429341 44.786878 
-110.429749 44.786944 
-110.430156 44.787013 
-110.430561 44.787085 
-110.430965 44.787161 
-110.431367 44.787241 
-110.431769 44.787324 
-110.432168 44.787410 
-110.432566 44.787501 
-110.432963 44.787594 
-110.433358 44.787691 
-110.433751 44.787792 
-110.434142 44.787896 
-110.434567 44.787914 
-110.434992 44.787929 
-110.435417 44.787939 
-110.435843 44.787946 
-110.436268 44.787950 
-110.436694 44.787950 
-110.437119 44.787946 
-110.437545 44.787938 
-110.437970 44.787927 
-110.438395 44.787912 
-110.438820 44.787894 
-110.439244 44.787872 
-110.439668 44.787846 
-110.440091 44.787817 
-110.440514 44.787784 
-110.440937 44.787747 
-110.441359 44.787707 
-110.441780 44.787664 
-110.442200 44.787616 
-110.442619 44.787565 
-110.443038 44.787511 
-110.443455 44.787453 
-110.443872 44.787391 
-110.444288 44.787326 
-110.444702 44.787257 
-110.445115 44.787184 
-110.445527 44.787109 
-110.445938 44.787029 
-110.446347 44.786946 
-110.446755 44.786860 
-110.447161 44.786770 
-110.447566 44.786677 
-110.447969 44.786580 
-110.448371 44.786479 
-110.448770 44.786376 
-110.449168 44.786269 
-110.449565 44.786158 
-110.449959 44.786044 
-110.450351 44.785927 
-110.450741 44.785806 
-110.451130 44.785682 
-110.451516 44.785555 
-110.451900 44.785425 
-110.452282 44.785291 
-110.452661 44.785154 
-110.453038 44.785013 
-110.453413 44.784870 
-110.453785 44.784723 
-110.454757 44.784531 
-110.455729 44.784342 
-110.456703 44.784157 
-110.457679 44.783974 
-110.458655 44.783795 
-110.459633 44.783619 
-110.460611 44.783446 
-110.461591 44.783276 
-110.462572 44.783109 
-110.463554 44.782946 
-110.464536 44.782786 
-110.465520 44.782629 
-110.466505 44.782475 
-110.467491 44.782325 
-110.468478 44.782178 
-110.469466 44.782034 
-110.470454 44.781893 
-110.470709 44.781845 
-110.470962 44.781794 
-110.471213 44.781740 
-110.471464 44.781682 
-110.471712 44.781621 
-110.471959 44.781557 
-110.472204 44.781489 
-110.472447 44.781418 
-110.472689 44.781343 
-110.472928 44.781265 
-110.473165 44.781185 
-110.473400 44.781100 
-110.473633 44.781013 
-110.473863 44.780923 
-110.474091 44.780829 
-110.474316 44.780733 
-110.474539 44.780633 
-110.474759 44.780530 
-110.474976 44.780425 
-110.475190 44.780316 
-110.475401 44.780205 
-110.475610 44.780091 
-110.475815 44.779974 
-110.476017 44.779854 
-110.476216 44.779731 
-110.476412 44.779606 
-110.476604 44.779478 
-110.476793 44.779348 
-110.476978 44.779215 
-110.477159 44.779079 
-110.477337 44.778942 
-110.477512 44.778801 
-110.477678 44.778662 
-110.477841 44.778521 
-110.478001 44.778377 
-110.478156 44.778231 
-110.478308 44.778083 
-110.478456 44.777934 
-110.478600 44.777782 
-110.478739 44.777628 
-110.478875 44.777473 
-110.479007 44.777316 
-110.479135 44.777157 
-110.479258 44.776997 
-110.479377 44.776834 
-110.479492 44.776671 
-110.479603 44.776505 
-110.479710 44.776339 
-110.479812 44.776171 
-110.479909 44.776002 
-110.480002 44.775831 
-110.480091 44.775659 
-110.480333 44.775328 
-110.480571 44.774996 
-110.480805 44.774662 
-110.481034 44.774327 
-110.481260 44.773990 
-110.481481 44.773652 
-110.481697 44.773313 
-110.481857 44.773191 
-110.482020 44.773071 
-110.482186 44.772954 
-110.482356 44.772839 
-110.482529 44.772727 
-110.482706 44.772617 
-110.482885 44.772510 
-110.483068 44.772406 
-110.483254 44.772304 
-110.483442 44.772205 
-110.483634 44.772110 
-110.483828 44.772017 
-110.484025 44.771926 
-110.484224 44.771839 
-110.484426 44.771755 
-110.484631 44.771674 
-110.484838 44.771596 
-110.485047 44.771521 
-110.485258 44.771449 
-110.485471 44.771380 
-110.485687 44.771314 
-110.485904 44.771252 
-110.486123 44.771193 
-110.486343 44.771137 
-110.486565 44.771084 
-110.486784 44.771036 
-110.487004 44.770991 
-110.487225 44.770949 
-110.487447 44.770911 
-110.487671 44.770876 
-110.487895 44.770843 
-110.488121 44.770815 
-110.488347 44.770789 
-110.488573 44.770767 
-110.488801 44.770748 
-110.489028 44.770732 
-110.489257 44.770720 
-110.489485 44.770711 
-110.489714 44.770705 
-110.489943 44.770703 
-110.490453 44.770632 
-110.490963 44.770557 
-110.491471 44.770478 
-110.491978 44.770396 
-110.492484 44.770310 
-110.492989 44.770221 
-110.493493 44.770129 
-110.493995 44.770033 
-110.494496 44.769933 
-110.494995 44.769830 
-110.495494 44.769724 
-110.495990 44.769614 
-110.496486 44.769500 
-110.496979 44.769384 
-110.497471 44.769263 
-110.497961 44.769140 
-110.498450 44.769013 
-110.498937 44.768882 
-110.499422 44.768749 
-110.499905 44.768611 
-110.500386 44.768471 
-110.500866 44.768327 
-110.501343 44.768180 
-110.501818 44.768030 
-110.502292 44.767876 
-110.502763 44.767719 
-110.503232 44.767559 
-110.503698 44.767395 
-110.504163 44.767229 
-110.504515 44.767110 
-110.504868 44.766994 
-110.505224 44.766882 
-110.505582 44.766773 
-110.505942 44.766667 
-110.506304 44.766565 
-110.506668 44.766466 
-110.507033 44.766370 
-110.507400 44.766278 
-110.507769 44.766189 
-110.508140 44.766103 
-110.508511 44.766022 
-110.508885 44.765943 
-110.509260 44.765868 
-110.509636 44.765796 
-110.510013 44.765728 
-110.510392 44.765664 
-110.510772 44.765603 
-110.511152 44.765545 
-110.511534 44.765491 
-110.511917 44.765441 
-110.512301 44.765394 
-110.512685 44.765351 
-110.513071 44.765311 
-110.513457 44.765275 
-110.513843 44.765242 
-110.514230 44.765213 
-110.514618 44.765188 
-110.515006 44.765166 
-110.515395 44.765148 
-110.515783 44.765134 
-110.516172 44.765123 
-110.516562 44.765115 
-110.516951 44.765111 
-110.517340 44.765111 
-110.517729 44.765115 
-110.518119 44.765122 
-110.518508 44.765132 
-110.518896 44.765147 
-110.519285 44.765165 
-110.519673 44.765186 
-110.520061 44.765211 
-110.520448 44.765240 
-110.520835 44.765272 
-110.521221 44.765308 
-110.521606 44.765347 
-110.521991 44.765390 
-110.522374 44.765437 
-110.522757 44.765487 
-110.523139 44.765541 
-110.523520 44.765598 
-110.523900 44.765659 
-110.524279 44.765723 
-110.524656 44.765791 
-110.525020 44.765864 
-110.525385 44.765936 
-110.525750 44.766006 
-110.526115 44.766074 
-110.526482 44.766140 
-110.526849 44.766205 
-110.527217 44.766268 
-110.527585 44.766329 
-110.527954 44.766388 
-110.528323 44.766445 
-110.528693 44.766501 
-110.529064 44.766555 
-110.529435 44.766607 
-110.529806 44.766657 
-110.530178 44.766705 
-110.530551 44.766752 
-110.530923 44.766796 
-110.531297 44.766839 
-110.531670 44.766880 
-110.532044 44.766920 
-110.532419 44.766957 
-110.532794 44.766993 
-110.533169 44.767027 
-110.533544 44.767059 
-110.533920 44.767089 
-110.534296 44.767117 
-110.534672 44.767144 
-110.535049 44.767168 
-110.535425 44.767191 
-110.535802 44.767212 
-110.536180 44.767231 
-110.536557 44.767249 
-110.536934 44.767264 
-110.537312 44.767278 
-110.537690 44.767290 
-110.538068 44.767300 
-110.538446 44.767308 
-110.538824 44.767314 
-110.539202 44.767318 
-110.539580 44.767321 
-110.539958 44.767322 
-110.540336 44.767321 
-110.540714 44.767318 
-110.541092 44.767313 
-110.541470 44.767307 
-110.541848 44.767298 
-110.542226 44.767288 
-110.542604 44.767276 
-110.542981 44.767262 
-110.543359 44.767246 
-110.543736 44.767228 
-110.544113 44.767209 
-110.544490 44.767188 
-110.544867 44.767164 
-110.545243 44.767139 
-110.545619 44.767113 
-110.545995 44.767084 
-110.546371 44.767054 
-110.546746 44.767021 
-110.547122 44.766987 
-110.547496 44.766951 
-110.547871 44.766913 
-110.548245 44.766874 
-110.548618 44.766832 
-110.548991 44.766789 
-110.549364 44.766744 
-110.549737 44.766697 
-110.550108 44.766649 
-110.550480 44.766598 
-110.550851 44.766546 
-110.551221 44.766492 
-110.551591 44.766436 
-110.551960 44.766378 
-110.552329 44.766319 
-110.552697 44.766257 
-110.553065 44.766194 
-110.553432 44.766129 
-110.553798 44.766063 
-110.554164 44.765994 
-110.554529 44.765924 
-110.554893 44.765852 
-110.555257 44.765778 
-110.555620 44.765703 
-110.555982 44.765626 
-110.556344 44.765547 
-110.556704 44.765466 
-110.557064 44.765383 
-110.557423 44.765299 
-110.557781 44.765213 
-110.558139 44.765125 
-110.558496 44.765035 
-110.558851 44.764944 
-110.559206 44.764851 
-110.559560 44.764756 
-110.559913 44.764660 
-110.560265 44.764562 
-110.560616 44.764462 
-110.560966 44.764360 
-110.561316 44.764257 
-110.561664 44.764152 
-110.562011 44.764045 
-110.562357 44.763937 
-110.562702 44.763827 
-110.563046 44.763715 
-110.563389 44.763602 
-110.563731 44.763487 
-110.564072 44.763370 
-110.564411 44.763252 
-110.564750 44.763131 
-110.565087 44.763010 
-110.565423 44.762886 
-110.565758 44.762761 
-110.566092 44.762635 
-110.566424 44.762507 
-110.566756 44.762377 
-110.567086 44.762245 
-110.567414 44.762112 
-110.567742 44.761978 
-110.568068 44.761842 
-110.568393 44.761704 
-110.568716 44.761564 
-110.569039 44.761423 
-110.569359 44.761281 
-110.569679 44.761137 
-110.569997 44.760991 
-110.570314 44.760844 
-110.570629 44.760695 
-110.570943 44.760545 
-110.571255 44.760393 
-110.571566 44.760240 
-110.571875 44.760085 
-110.572183 44.759929 
-110.572489 44.759771 
-110.572794 44.759612 
-110.573098 44.759451 
-110.573399 44.759289 
-110.573700 44.759125 
-110.573998 44.758960 
-110.574295 44.758793 
-110.574591 44.758625 
-110.574885 44.758456 
-110.575177 44.758285 
-110.575467 44.758112 
-110.575756 44.757939 
-110.576043 44.757763 
-110.576329 44.757587 
-110.576613 44.757409 
-110.576895 44.757230 
-110.577175 44.757049 
-110.577454 44.756867 
-110.577731 44.756683 
-110.578006 44.756499 
-110.578279 44.756313 
-110.578551 44.756125 
-110.578820 44.755936 
-110.579088 44.755746 
-110.579354 44.755555 
-110.579619 44.755362 
-110.579881 44.755169 
-110.580142 44.754973 
-110.580400 44.754777 
-110.580657 44.754579 
-110.581022 44.754350 
-110.581386 44.754119 
-110.581747 44.753888 
-110.582107 44.753654 
-110.582466 44.753420 
-110.582822 44.753184 
-110.583177 44.752946 
-110.583530 44.752707 
-110.583881 44.752467 
-110.584231 44.752226 
-110.584578 44.751983 
-110.584924 44.751739 
-110.585268 44.751494 
-110.585610 44.751248 
-110.585951 44.751000 
-110.586289 44.750750 
-110.586626 44.750500 
-110.586960 44.750248 
-110.587293 44.749995 
-110.587624 44.749741 
-110.587953 44.749486 
-110.588280 44.749229 
-110.588606 44.748971 
-110.588929 44.748712 
-110.589250 44.748452 
-110.589570 44.748190 
-110.589887 44.747927 
-110.590203 44.747663 
-110.590516 44.747398 
-110.590828 44.747132 
-110.591138 44.746864 
-110.591445 44.746596 
-110.591751 44.746326 
-110.592054 44.746055 
-110.592356 44.745783 
-110.592655 44.745509 
-110.592953 44.745235 
-110.593248 44.744959 
-110.593542 44.744683 
-110.593833 44.744405 
-110.594122 44.744126 
-110.594410 44.743846 
-110.594695 44.743565 
-110.594978 44.743283 
-110.595259 44.743000 
-110.595537 44.742716 
-110.595814 44.742431 
-110.596089 44.742144 
-110.596361 44.741857 
-110.596631 44.741569 
-110.596899 44.741279 
-110.597165 44.740989 
-110.597429 44.740697 
-110.597691 44.740405 
-110.597950 44.740112 
-110.598207 44.739817 
-110.598462 44.739522 
-110.598715 44.739226 
-110.598966 44.738929 
-110.599214 44.738630 
-110.599461 44.738331 
-110.599705 44.738031 
-110.599946 44.737730 
-110.600186 44.737429 
-110.600423 44.737126 
-110.600658 44.736822 
-110.600891 44.736518 
-110.601121 44.736212 
-110.601350 44.735906 
-110.601576 44.735599 
-110.601799 44.735291 
-110.602021 44.734982 
-110.602240 44.734673 
-110.602456 44.734362 
-110.602671 44.734051 
-110.602883 44.733739 
-110.603093 44.733426 
-110.603300 44.733112 
-110.603505 44.732798 
-110.603708 44.732483 
-110.603908 44.732167 
-110.604106 44.731850 
-110.604302 44.731532 
-110.604495 44.731214 
-110.604686 44.730895 
-110.604875 44.730576 
-110.605061 44.730255 
-110.605245 44.729934 
-110.605427 44.729613 
-110.605606 44.729290 
-110.605782 44.728967 
-110.605957 44.728643 
-110.606128 44.728319 
-110.606298 44.727994 
-110.606465 44.727668 
-110.606629 44.727342 
-110.606792 44.727015 
-110.606951 44.726687 
-110.607109 44.726359 
-110.607263 44.726030 
-110.607416 44.725701 
-110.607566 44.725371 
-110.607713 44.725041 
-110.607858 44.724710 
-110.608001 44.724378 
-110.608141 44.724046 
-110.608279 44.723714 
-110.608414 44.723381 
-110.608546 44.723047 
-110.608677 44.722713 
-110.608804 44.722378 
-110.608929 44.722043 
-110.609052 44.721708 
-110.609172 44.721372 
-110.609290 44.721035 
-110.609405 44.720698 
-110.609518 44.720361 
-110.609628 44.720023 
-110.609736 44.719685 
-110.609841 44.719346 
-110.609944 44.719007 
-110.610044 44.718668 
-110.610142 44.718328 
-110.610237 44.717988 
-110.610329 44.717648 
-110.610419 44.717307 
-110.610507 44.716966 
-110.610592 44.716625 
-110.610674 44.716283 
-110.610754 44.715941 
-110.610831 44.715598 
-110.610906 44.715256 
-110.610979 44.714913 
-110.611048 44.714570 
-110.611115 44.714226 
