-110.354027778    44.413888889
-110.354305556    44.413888889
-110.354583333    44.413888889
-110.354861111    44.413888889
-110.355138889    44.413888889
-110.355277778    44.414027778
-110.355416667    44.414166667
-110.355555556    44.414305556
-110.355694444    44.414444444
-110.355972222    44.414444444
-110.356111111    44.414583333
-110.356250000    44.414722222
-110.356527778    44.414722222
-110.356666667    44.414861111
-110.356805556    44.415000000
-110.357083333    44.415000000
-110.357222222    44.415138889
-110.357361111    44.415277778
-110.357500000    44.415416667
-110.357638889    44.415555556
-110.357916667    44.415555556
-110.358055556    44.415694444
-110.358194444    44.415833333
-110.358333333    44.415972222
-110.358472222    44.416111111
-110.358611111    44.416250000
-110.358750000    44.416388889
-110.358888889    44.416527778
-110.358888889    44.416805556
-110.358888889    44.417083333
-110.358750000    44.417222222
-110.358611111    44.417361111
-110.358472222    44.417500000
-110.358333333    44.417638889
-110.358194444    44.417777778
-110.358055556    44.417916667
-110.357916667    44.418055556
-110.357638889    44.418055556
-110.357500000    44.418194444
-110.357361111    44.418333333
-110.357083333    44.418333333
-110.356805556    44.418333333
-110.356666667    44.418472222
-110.356527778    44.418611111
-110.356388889    44.418750000
-110.356250000    44.418888889
-110.356111111    44.419027778
-110.356111111    44.419305556
-110.356111111    44.419583333
-110.356111111    44.419861111
-110.356111111    44.420138889
-110.356250000    44.420277778
-110.356388889    44.420416667
-110.356388889    44.420694444
-110.356527778    44.420833333
-110.356666667    44.420972222
-110.356805556    44.421111111
-110.356944444    44.421250000
-110.357083333    44.421388889
-110.357222222    44.421527778
-110.357361111    44.421666667
-110.357500000    44.421805556
-110.357500000    44.422083333
-110.357500000    44.422361111
-110.357500000    44.422638889
-110.357500000    44.422916667
-110.357500000    44.423194444
-110.357361111    44.423333333
-110.357222222    44.423472222
-110.357083333    44.423611111
-110.356944444    44.423750000
-110.356805556    44.423888889
-110.356666667    44.424027778
-110.356527778    44.424166667
-110.356388889    44.424305556
-110.356250000    44.424444444
-110.355972222    44.424444444
-110.355694444    44.424444444
-110.355416667    44.424444444
-110.355277778    44.424583333
-110.355138889    44.424722222
-110.355000000    44.424861111
-110.354861111    44.425000000
-110.354722222    44.425138889
-110.354583333    44.425277778
-110.354444444    44.425416667
-110.354444444    44.425694444
-110.354444444    44.425972222
-110.354444444    44.426250000
-110.354583333    44.426388889
-110.354722222    44.426527778
-110.354861111    44.426666667
-110.355000000    44.426805556
-110.355138889    44.426944444
-110.355416667    44.426944444
-110.355555556    44.427083333
-110.355694444    44.427222222
-110.355833333    44.427361111
-110.355972222    44.427500000
-110.356111111    44.427638889
-110.356250000    44.427777778
-110.356527778    44.427777778
-110.356805556    44.427777778
-110.356944444    44.427916667
-110.357083333    44.428055556
-110.357222222    44.428194444
-110.357361111    44.428333333
-110.357500000    44.428472222
-110.357638889    44.428611111
-110.357777778    44.428750000
-110.357916667    44.428888889
-110.358055556    44.429027778
-110.358194444    44.429166667
-110.358333333    44.429305556
-110.358472222    44.429444444
-110.358611111    44.429583333
-110.358750000    44.429722222
-110.358888889    44.429861111
-110.359027778    44.430000000
-110.359166667    44.430138889
-110.359305556    44.430277778
-110.359444444    44.430416667
-110.359583333    44.430555556
-110.359861111    44.430555556
-110.360000000    44.430694444
-110.360138889    44.430833333
-110.360416667    44.430833333
-110.360555556    44.430972222
-110.360694444    44.431111111
-110.360833333    44.431250000
-110.360972222    44.431388889
-110.361111111    44.431527778
-110.361250000    44.431666667
-110.361527778    44.431666667
-110.361666667    44.431805556
-110.361805556    44.431944444
-110.361944444    44.432083333
-110.362083333    44.432222222
-110.362361111    44.432222222
-110.362500000    44.432361111
-110.362638889    44.432500000
-110.362777778    44.432638889
-110.362916667    44.432777778
-110.363055556    44.432916667
-110.363194444    44.433055556
-110.363472222    44.433055556
-110.363611111    44.433194444
-110.363750000    44.433333333
-110.364027778    44.433333333
-110.364166667    44.433472222
-110.364305556    44.433611111
-110.364583333    44.433611111
-110.364722222    44.433750000
-110.364861111    44.433888889
-110.365138889    44.433888889
-110.365416667    44.433888889
-110.365555556    44.434027778
-110.365694444    44.434166667
-110.365972222    44.434166667
-110.366250000    44.434166667
-110.366527778    44.434166667
-110.366666667    44.434305556
-110.366805556    44.434444444
-110.367083333    44.434444444
-110.367361111    44.434444444
-110.367638889    44.434444444
-110.367916667    44.434444444
-110.368194444    44.434444444
-110.368472222    44.434444444
-110.368750000    44.434444444
-110.369027778    44.434444444
-110.369166667    44.434305556
-110.369305556    44.434166667
-110.369583333    44.434166667
-110.369722222    44.434027778
-110.369861111    44.433888889
-110.370138889    44.433888889
-110.370416667    44.433888889
-110.370694444    44.433888889
-110.370972222    44.433888889
-110.371250000    44.433888889
-110.371388889    44.433750000
-110.371527778    44.433611111
-110.371805556    44.433611111
-110.372083333    44.433611111
-110.372222222    44.433750000
-110.372361111    44.433888889
-110.372638889    44.433888889
-110.372916667    44.433888889
-110.373194444    44.433888889
-110.373472222    44.433888889
-110.373750000    44.433888889
-110.373888889    44.433750000
-110.374027778    44.433611111
-110.374305556    44.433611111
-110.374444444    44.433472222
-110.374583333    44.433333333
-110.374722222    44.433194444
-110.374861111    44.433055556
-110.375000000    44.432916667
-110.375138889    44.432777778
-110.375277778    44.432638889
-110.375277778    44.432361111
-110.375416667    44.432222222
-110.375555556    44.432083333
-110.375694444    44.431944444
-110.375833333    44.431805556
-110.375972222    44.431666667
-110.376250000    44.431666667
-110.376388889    44.431527778
-110.376527778    44.431388889
-110.376805556    44.431388889
-110.376944444    44.431250000
-110.377083333    44.431111111
-110.377222222    44.430972222
-110.377361111    44.430833333
-110.377500000    44.430694444
-110.377638889    44.430555556
-110.377777778    44.430416667
-110.377916667    44.430277778
-110.378055556    44.430138889
-110.378055556    44.429861111
-110.378055556    44.429583333
-110.378055556    44.429305556
-110.378055556    44.429027778
-110.378055556    44.428750000
-110.378194444    44.428611111
-110.378333333    44.428472222
-110.378333333    44.428194444
-110.378333333    44.427916667
-110.378333333    44.427638889
-110.378333333    44.427361111
-110.378333333    44.427083333
-110.378333333    44.426805556
-110.378194444    44.426666667
-110.378055556    44.426527778
-110.378055556    44.426250000
-110.378055556    44.425972222
-110.377916667    44.425833333
-110.377777778    44.425694444
-110.377777778    44.425416667
-110.377638889    44.425277778
-110.377500000    44.425138889
-110.377361111    44.425000000
-110.377222222    44.424861111
-110.377083333    44.424722222
-110.376944444    44.424583333
-110.376805556    44.424444444
-110.376527778    44.424444444
-110.376388889    44.424305556
-110.376250000    44.424166667
-110.376111111    44.424027778
-110.375972222    44.423888889
-110.375833333    44.423750000
-110.375694444    44.423611111
-110.375555556    44.423472222
-110.375416667    44.423333333
-110.375277778    44.423194444
-110.375138889    44.423055556
-110.375000000    44.422916667
-110.374861111    44.422777778
-110.374583333    44.422777778
-110.374444444    44.422638889
-110.374305556    44.422500000
-110.374166667    44.422361111
-110.374027778    44.422222222
-110.373750000    44.422222222
-110.373611111    44.422083333
-110.373472222    44.421944444
-110.373333333    44.421805556
-110.373194444    44.421666667
-110.373055556    44.421527778
-110.372916667    44.421388889
-110.372777778    44.421250000
-110.372638889    44.421111111
-110.372361111    44.421111111
-110.372222222    44.420972222
-110.372083333    44.420833333
-110.371944444    44.420694444
-110.371805556    44.420555556
-110.371666667    44.420416667
-110.371527778    44.420277778
-110.371250000    44.420277778
-110.371111111    44.420138889
-110.370972222    44.420000000
-110.370833333    44.419861111
-110.370694444    44.419722222
-110.370555556    44.419583333
-110.370416667    44.419444444
-110.370277778    44.419305556
-110.370138889    44.419166667
-110.370000000    44.419027778
-110.369861111    44.418888889
-110.369722222    44.418750000
-110.369583333    44.418611111
-110.369444444    44.418472222
-110.369305556    44.418333333
-110.369166667    44.418194444
-110.369027778    44.418055556
-110.368888889    44.417916667
-110.368750000    44.417777778
-110.368611111    44.417638889
-110.368472222    44.417500000
-110.368333333    44.417361111
-110.368194444    44.417222222
-110.368055556    44.417083333
-110.367916667    44.416944444
-110.367777778    44.416805556
-110.367638889    44.416666667
-110.367500000    44.416527778
-110.367361111    44.416388889
-110.367222222    44.416250000
-110.367083333    44.416111111
-110.366805556    44.416111111
-110.366666667    44.415972222
-110.366527778    44.415833333
-110.366250000    44.415833333
-110.366111111    44.415694444
-110.365972222    44.415555556
-110.365833333    44.415416667
-110.365694444    44.415277778
-110.365416667    44.415277778
-110.365277778    44.415138889
-110.365138889    44.415000000
-110.365000000    44.414861111
-110.364861111    44.414722222
-110.364583333    44.414722222
-110.364444444    44.414583333
-110.364305556    44.414444444
-110.364027778    44.414444444
-110.363888889    44.414305556
-110.363750000    44.414166667
-110.363472222    44.414166667
-110.363333333    44.414027778
-110.363194444    44.413888889
-110.363055556    44.413750000
-110.362916667    44.413611111
-110.362777778    44.413472222
-110.362638889    44.413333333
-110.362361111    44.413333333
-110.362222222    44.413194444
-110.362083333    44.413055556
-110.361944444    44.412916667
-110.361805556    44.412777778
-110.361527778    44.412777778
-110.361388889    44.412638889
-110.361250000    44.412500000
-110.360972222    44.412500000
-110.360694444    44.412500000
-110.360416667    44.412500000
-110.360138889    44.412500000
-110.360000000    44.412361111
-110.359861111    44.412222222
-110.359583333    44.412222222
-110.359444444    44.412083333
-110.359305556    44.411944444
-110.359166667    44.411805556
-110.359027778    44.411666667
-110.358750000    44.411666667
-110.358472222    44.411666667
-110.358194444    44.411666667
-110.357916667    44.411666667
-110.357777778    44.411805556
-110.357638889    44.411944444
-110.357500000    44.411805556
-110.357361111    44.411666667
-110.357083333    44.411666667
-110.356805556    44.411666667
-110.356527778    44.411666667
-110.356250000    44.411666667
-110.355972222    44.411666667
-110.355694444    44.411666667
-110.355416667    44.411666667
-110.355277778    44.411805556
-110.355138889    44.411944444
-110.354861111    44.411944444
-110.354583333    44.411944444
-110.354305556    44.411944444
-110.354027778    44.411944444
-110.353888889    44.412083333
-110.353888889    44.412361111
-110.353888889    44.412638889
-110.353888889    44.412916667
-110.353888889    44.413194444
-110.353888889    44.413472222
-110.353888889    44.413750000
-110.354027778    44.413888889
