-110.001121	44.490024
-110.001144	44.490018
NaN NaN
-111.097198	44.808528
-111.097251	44.808497
NaN NaN
-111.097235	44.658917
-111.097187	44.658915
NaN NaN
-110.705386	45.029673
-110.705366	45.029529
NaN NaN
-110.70537	45.029822
-110.705377	45.02975
-110.705386	45.029673
NaN NaN
-110.665194	44.132869
-110.664978	44.13249
NaN NaN
-111.155311	45.054058
-111.154072	45.053289
-111.15334	45.053091
-111.139805	45.047838
-111.132999	45.045248
-111.132598	45.04484
-111.132048	45.044283
-111.131168	45.04339
-111.129085	45.042238
-111.127025	45.041399
-111.125781	45.041017
-111.121876	45.039759
-111.120129	45.038858
-111.114848	45.034979
-111.112834	45.033739
-111.11249	45.033419
-111.1122	45.032598
-111.111849	45.03182
-111.111437	45.03121
-111.10985	45.0301
-111.109133	45.029619
-111.10808	45.029057
-111.10695	45.028238
-111.105211	45.027231
-111.104632	45.027079
-111.103647	45.026629
-111.100496	45.025599
-111.099894	45.025259
-111.097467	45.024119
-111.095697	45.023279
-111.094797	45.02265
-111.093927	45.022219
-111.091913	45.02064
-111.08719	45.017229
-111.081002	45.012381
-111.080102	45.01179
-111.079286	45.01076
-111.079179	45.00992
-111.079103	44.999911
-111.079522	44.974619
-111.079423	44.969408
-111.079262	44.96755
-111.078911	44.96686
-111.077782	44.96549
-111.075608	44.963751
-111.067772	44.958529
-111.067679	44.95833
-111.067337	44.958258
-111.06504	44.956691
-111.064621	44.956598
-111.064522	44.956369
-111.062538	44.954691
-111.061004	44.95299
-111.0606	44.952398
-111.060417	44.95188
-111.06031	44.95183
-111.059349	44.948519
-111.056197	44.936686
NaN NaN
-110.001144	44.490018
-110.003969	44.489275
-110.008745	44.487776
-110.011263	44.487173
-110.012316	44.486815
-110.013499	44.486197
-110.01401	44.486086
-110.015383	44.485994
-110.016153	44.485815
-110.018549	44.484163
-110.019091	44.483896
-110.021586	44.483095
-110.026759	44.481794
-110.0283	44.480776
-110.030093	44.479944
-110.031176	44.479673
-110.033504	44.479334
-110.037303	44.479174
-110.043605	44.479044
-110.04417	44.478956
-110.044811	44.478636
-110.046924	44.477083
-110.047946	44.476465
-110.04887	44.476076
-110.056736	44.473703
-110.059284	44.472605
-110.061788	44.471266
-110.063473	44.470625
-110.065166	44.469435
-110.066258	44.468973
-110.067562	44.468775
-110.067913	44.468634
-110.068234	44.467943
-110.068455	44.467653
-110.069287	44.467104
-110.06995	44.466875
-110.070637	44.466856
-110.071301	44.466944
-110.073406	44.467085
-110.075352	44.466715
-110.081135	44.466013
-110.087201	44.465734
-110.088093	44.465876
-110.089436	44.466375
-110.090269	44.466543
-110.090772	44.466516
-110.091573	44.466314
-110.092374	44.466227
-110.093205	44.466406
-110.094006	44.466406
-110.096944	44.465124
-110.098348	44.464854
-110.099568	44.464415
-110.101545	44.463964
-110.102697	44.463613
-110.103963	44.463064
-110.105146	44.462904
-110.105886	44.462706
-110.106717	44.462065
-110.108915	44.461195
-110.111188	44.460413
-110.111944	44.460005
-110.112615	44.459806
-110.113767	44.459776
-110.114729	44.460073
-110.119062	44.461855
-110.120153	44.462385
-110.120886	44.462953
-110.121626	44.463323
-110.122709	44.463594
-110.125746	44.464006
-110.128103	44.464834
-110.128775	44.465265
-110.129858	44.465653
-110.131849	44.466795
-110.133246	44.467344
-110.13539	44.468034
-110.137938	44.469156
-110.138739	44.469743
-110.13922	44.470224
-110.140555	44.471094
-110.141455	44.471285
-110.143523	44.471377
-110.150748	44.472875
-110.153937	44.473333
-110.155478	44.473863
-110.156043	44.474153
-110.156425	44.474523
-110.156905	44.475324
-110.157134	44.475664
-110.157516	44.477014
-110.157516	44.477773
-110.157706	44.478433
-110.158767	44.479215
-110.160751	44.481634
-110.163078	44.483533
-110.163619	44.483873
-110.164893	44.484266
-110.165374	44.484495
-110.166335	44.485315
-110.166976	44.485586
-110.168258	44.485975
-110.169281	44.486666
-110.171798	44.488744
-110.172317	44.488996
-110.173149	44.489225
-110.174895	44.489515
-110.180206	44.489953
-110.183556	44.489835
-110.187836	44.489484
-110.189308	44.489515
-110.193108	44.489995
-110.196495	44.490304
-110.197617	44.490606
-110.198098	44.490874
-110.198861	44.491926
-110.199059	44.492414
-110.199029	44.494073
-110.198678	44.494832
-110.197686	44.496164
-110.197587	44.496644
-110.197815	44.497052
-110.198487	44.497625
-110.199219	44.497895
-110.200089	44.498014
-110.202187	44.497873
-110.202698	44.498002
-110.202798	44.498323
-110.202546	44.498655
-110.200638	44.499963
-110.199776	44.500413
-110.197961	44.501744
-110.195656	44.503114
-110.195496	44.503392
-110.195595	44.503854
-110.195877	44.504052
-110.196297	44.504174
-110.197098	44.504033
-110.198472	44.503484
-110.202302	44.501622
-110.204888	44.499955
-110.205392	44.499536
-110.206696	44.499085
-110.207749	44.498944
-110.208299	44.499085
-110.208711	44.499376
-110.209069	44.499955
-110.20955	44.500314
-110.211656	44.501115
-110.213357	44.501306
-110.215432	44.501233
-110.219041	44.500493
-110.219781	44.500405
-110.220697	44.500426
-110.221528	44.500604
-110.22265	44.501115
-110.223161	44.501245
-110.225748	44.501515
-110.227861	44.502084
-110.231088	44.502523
-110.232111	44.502793
-110.234163	44.503522
-110.240007	44.504365
-110.241091	44.504685
-110.24164	44.504933
-110.243433	44.506074
-110.244097	44.506444
-110.244577	44.506556
-110.245569	44.506556
-110.247393	44.506463
-110.248026	44.506524
-110.248537	44.506894
-110.248667	44.507302
-110.248682	44.508923
-110.248873	44.509225
-110.249277	44.509362
-110.249644	44.509362
-110.25075	44.509104
-110.251902	44.508695
-110.256831	44.506184
-110.258738	44.505475
-110.26015	44.505112
-110.261851	44.504815
-110.263598	44.504632
-110.266452	44.504613
-110.26945	44.504982
-110.270221	44.505212
-110.271724	44.505902
-110.272197	44.506013
-110.274622	44.506135
-110.275898	44.506505
-110.27676	44.506894
-110.277721	44.507592
-110.278424	44.508534
-110.278553	44.509015
-110.278522	44.509884
-110.278264	44.510735
-110.276241	44.514432
-110.276012	44.515393
-110.276081	44.516102
-110.276683	44.517933
-110.279102	44.521183
-110.281238	44.523564
-110.28249	44.524773
-110.284054	44.526055
-110.285465	44.527024
-110.288075	44.528374
-110.289265	44.528732
-110.29031	44.528942
-110.291783	44.528893
-110.294155	44.528263
-110.294789	44.528214
-110.295591	44.528393
-110.295971	44.528725
-110.296223	44.529701
-110.296162	44.531414
-110.295872	44.532562
-110.2943	44.535343
-110.294102	44.536583
-110.293942	44.536812
-110.29356	44.536991
-110.291003	44.537294
-110.289982	44.537743
-110.289433	44.538155
-110.288952	44.539372
-110.288891	44.539913
-110.288952	44.541351
-110.289555	44.542503
-110.290455	44.543644
-110.294285	44.546894
-110.296742	44.548652
-110.301572	44.551384
-110.306653	44.553783
-110.314092	44.556942
-110.319532	44.559032
-110.321035	44.559551
-110.322469	44.559783
-110.324391	44.559741
-110.327917	44.559352
-110.334433	44.558482
-110.339644	44.558124
-110.347075	44.557803
-110.350203	44.557761
-110.351966	44.557963
-110.354423	44.558383
-110.374954	44.564181
-110.375755	44.56439
-110.376557	44.564463
-110.376747	44.564601
-110.377106	44.564692
-110.378609	44.565191
-110.379083	44.56528
-110.382103	44.566422
-110.382439	44.56655
NaN NaN
-110.063924	44.976948
-110.068614	44.968972
-110.069163	44.967625
-110.07236	44.95728
-110.073131	44.95525
-110.073779	44.954171
-110.075366	44.95237
-110.076739	44.95107
-110.08253	44.944871
-110.082775	44.944531
-110.082904	44.94455
-110.08353	44.943181
-110.084095	44.941601
-110.084003	44.940119
-110.083744	44.939606
-110.083393	44.938355
-110.084064	44.937135
-110.084254	44.933915
-110.084484	44.932957
-110.084865	44.932088
-110.087505	44.928017
-110.088863	44.926767
-110.092174	44.925187
-110.092785	44.924725
-110.094204	44.922627
-110.095173	44.921555
-110.099484	44.919957
-110.102352	44.918485
-110.106823	44.916688
-110.110394	44.915547
-110.112683	44.914555
-110.113873	44.913827
-110.114384	44.913365
-110.114964	44.912225
-110.114967	44.912129
NaN NaN
-110.415657	44.915999
-110.416496	44.916266
-110.419228	44.917117
-110.422157	44.91838
-110.425026	44.920336
-110.428017	44.921759
-110.429047	44.922118
-110.430947	44.922557
-110.432137	44.922667
-110.434357	44.922648
-110.436166	44.922347
-110.440637	44.921378
-110.441857	44.921286
-110.443467	44.921629
-110.444016	44.921889
-110.446046	44.924006
-110.447076	44.925589
-110.447206	44.926386
-110.446977	44.926978
-110.444375	44.929129
-110.442864	44.931437
-110.442254	44.932566
-110.442063	44.933619
-110.442094	44.935057
-110.442223	44.935828
-110.442773	44.936816
-110.44436	44.938387
-110.446343	44.94009
-110.451349	44.943847
-110.45141	44.944357
-110.451028	44.945586
-110.451097	44.946509
-110.451319	44.946829
-110.451967	44.947207
-110.452447	44.947348
-110.456598	44.946867
-110.458566	44.947008
-110.459756	44.947226
-110.462138	44.948149
-110.463197	44.948309
-110.465715	44.947977
-110.467546	44.948298
-110.471277	44.948176
-110.472316	44.948298
-110.473726	44.948778
-110.475435	44.949507
-110.477045	44.949988
-110.477724	44.950487
-110.478251	44.951449
-110.480021	44.953886
-110.48466	44.957747
-110.485499	44.958136
-110.488688	44.958597
-110.490496	44.959097
-110.491366	44.959139
-110.492556	44.959086
-110.494067	44.958568
-110.495837	44.957758
-110.498538	44.956205
-110.500758	44.955198
-110.50201	44.954847
-110.502979	44.954718
-110.50452	44.954718
-110.508098	44.955336
-110.509319	44.955336
-110.509899	44.955248
-110.510868	44.954859
-110.511608	44.954798
-110.513469	44.955027
-110.514728	44.954939
-110.516918	44.954477
-110.518879	44.954527
-110.520008	44.954958
-110.521648	44.955736
-110.523037	44.956037
-110.523869	44.956107
-110.525607	44.955908
-110.528668	44.955358
-110.530438	44.955408
-110.533307	44.956438
-110.536458	44.956968
-110.538197	44.957746
-110.539288	44.957906
-110.541417	44.957927
-110.543263	44.957998
-110.544743	44.958067
-110.545987	44.958275
-110.548734	44.959005
-110.555593	44.960107
-110.559034	44.960405
-110.561094	44.960477
-110.562803	44.960417
-110.563931	44.960168
-110.565183	44.959707
-110.566312	44.959108
-110.566923	44.958837
-110.568151	44.957967
-110.568502	44.957326
-110.568441	44.955587
-110.568731	44.955175
-110.56941	44.954926
-110.5707	44.954885
-110.577391	44.955755
-110.578872	44.955755
-110.591139	44.955045
-110.593718	44.955278
-110.594939	44.955377
-110.596648	44.955346
-110.597814	44.955217
-110.598739	44.954957
-110.599875	44.954435
-110.601539	44.953405
-110.603034	44.952676
-110.604865	44.951985
-110.609084	44.950738
-110.610923	44.950097
-110.611984	44.949524
-110.613914	44.948175
-110.617073	44.946225
-110.618583	44.944947
-110.619674	44.944146
-110.621162	44.943257
-110.622803	44.942507
-110.624213	44.941995
-110.625763	44.941655
-110.629692	44.940995
-110.631142	44.940858
-110.633454	44.940946
-110.634713	44.941197
-110.636223	44.941655
-110.641373	44.943578
-110.644593	44.945083
-110.646172	44.945638
-110.650323	44.946526
-110.651582	44.946614
-110.654702	44.946458
-110.655671	44.946637
-110.657411	44.947255
-110.6596	44.947896
-110.661432	44.948945
-110.662721	44.949444
-110.665521	44.949975
-110.670327	44.951775
-110.670976	44.952214
-110.672067	44.953816
-110.672715	44.954495
-110.674196	44.955487
-110.677126	44.956986
-110.681345	44.959824
-110.687533	44.964467
-110.688402	44.964894
-110.690112	44.965447
-110.693842	44.967225
-110.695529	44.968186
-110.696467	44.968895
-110.697139	44.969857
-110.697757	44.971836
-110.698176	44.972615
-110.698817	44.973236
-110.698817	44.973324
-110.700145	44.974396
-110.700915	44.976475
NaN NaN
-110.493198	44.736029
-110.498196	44.735889
-110.500768	44.735606
-110.503857	44.735106
-110.505299	44.73479
-110.507038	44.734587
-110.511402	44.734427
-110.51859	44.734419
-110.519841	44.734328
-110.520703	44.734149
-110.521313	44.733847
-110.521863	44.733389
-110.522153	44.732996
-110.522526	44.732249
-110.522641	44.728888
-110.522931	44.726939
-110.523282	44.725478
-110.523832	44.724428
-110.524922	44.723239
-110.525372	44.722899
-110.526692	44.72219
-110.5323	44.720137
-110.538114	44.718146
-110.539968	44.717627
-110.541768	44.717307
-110.543889	44.717059
-110.549314	44.716929
-110.550008	44.716837
-110.550779	44.716647
-110.55274	44.715628
-110.557233	44.712569
-110.557684	44.712408
-110.559645	44.711539
-110.564581	44.709887
-110.568625	44.708246
-110.573111	44.705969
-110.575163	44.705069
-110.576324	44.704657
-110.58235	44.703676
-110.585784	44.703459
-110.590232	44.703318
-110.594695	44.703459
-110.598442	44.703726
-110.608192	44.704668
-110.611915	44.705125
-110.614022	44.705728
-110.6146	44.706178
-110.619926	44.709157
-110.621459	44.709817
-110.623321	44.710317
-110.624351	44.710687
-110.624931	44.711026
-110.625762	44.711686
-110.626663	44.712359
-110.629409	44.713548
-110.630546	44.714135
-110.631691	44.715055
-110.63179	44.715257
-110.632782	44.715947
-110.634292	44.716306
-110.635704	44.716176
-110.636764	44.716218
-110.637939	44.716428
-110.63932	44.716928
-110.64077	44.717637
-110.643402	44.719506
-110.644012	44.719766
-110.644554	44.719827
-110.64724	44.719506
-110.648979	44.719463
-110.650391	44.719327
-110.653183	44.718526
-110.653664	44.718457
-110.657601	44.718686
-110.659531	44.719044
-110.661232	44.719044
-110.664246	44.718724
-110.665436	44.718686
-110.665726	44.718796
-110.66568	44.718815
-110.684336	44.726357
-110.685616	44.726654
-110.687692	44.726677
-110.688912	44.726536
-110.690522	44.726486
-110.693856	44.726994
-110.696641	44.727177
NaN NaN
-110.388199	44.568072
-110.388779	44.567553
-110.391175	44.56444
-110.393289	44.561442
-110.393449	44.561331
-110.394944	44.55931
-110.395005	44.55918
-110.396897	44.557643
-110.400186	44.556483
-110.40394	44.55577
-110.405115	44.555331
-110.406046	44.55485
-110.407229	44.553961
-110.408624	44.551791
-110.408853	44.551631
-110.410738	44.550162
-110.411608	44.549712
-110.41276	44.549451
-110.415827	44.549113
-110.41659	44.54893
-110.417299	44.54838
-110.417681	44.547873
-110.417971	44.547011
-110.418185	44.545592
-110.418566	44.544673
-110.419398	44.543481
-110.420618	44.542342
-110.421534	44.541633
-110.422724	44.540942
-110.424006	44.540442
-110.428157	44.539393
-110.428988	44.539042
-110.430812	44.537783
-110.432597	44.536002
-110.432696	44.535681
-110.432857	44.535632
-110.433559	44.534743
-110.43465	44.53316
-110.435886	44.53065
-110.436206	44.530352
-110.437198	44.52616
-110.43716	44.525271
-110.437	44.52463
-110.436618	44.524062
-110.436168	44.523703
-110.435016	44.52328
-110.432368	44.522921
-110.431567	44.522693
-110.430697	44.522101
-110.429996	44.520541
-110.429706	44.520221
-110.428752	44.519721
-110.425616	44.518123
-110.423381	44.516681
-110.421298	44.516112
-110.420306	44.515613
-110.419215	44.514922
-110.41804	44.513621
-110.41791	44.513351
-110.41791	44.512481
-110.41807	44.511752
-110.419024	44.509662
-110.421359	44.505714
-110.42203	44.503852
-110.42203	44.502033
-110.42145	44.499954
-110.421382	44.499534
-110.421084	44.499011
-110.420932	44.498412
-110.420794	44.498252
-110.420664	44.497131
-110.42087	44.496742
-110.424151	44.492633
-110.42489	44.492152
-110.426417	44.491924
-110.42709	44.491672
-110.4276	44.49121
-110.42776	44.490913
-110.429675	44.488742
-110.4314	44.487113
-110.433002	44.485763
-110.433215	44.4854
-110.434528	44.483932
-110.440647	44.478104
-110.441318	44.477641
-110.44273	44.476981
-110.445148	44.476112
-110.450802	44.47455
-110.454411	44.473243
-110.455937	44.472602
-110.456867	44.472053
-110.457569	44.471521
-110.458721	44.470111
-110.459126	44.469863
-110.460666	44.469493
-110.461338	44.469443
-110.463162	44.469283
-110.463948	44.468982
-110.465008	44.46839
-110.466122	44.468001
-110.469991	44.467151
-110.47244	44.466192
-110.473752	44.465484
-110.476171	44.463851
-110.477323	44.463263
-110.479719	44.462291
-110.480672	44.461703
-110.481603	44.460871
-110.48316	44.45975
-110.485014	44.458903
-110.491072	44.456881
-110.492704	44.45624
-110.495352	44.454871
-110.498923	44.453613
-110.500769	44.453154
-110.501639	44.453013
-110.50247	44.453013
-110.503142	44.453101
-110.504134	44.453451
-110.505178	44.45397
-110.506392	44.45484
-110.507323	44.45587
-110.508711	44.45883
-110.50881	44.458872
-110.509131	44.459631
-110.509482	44.460149
-110.510214	44.46079
-110.51248	44.461943
-110.513403	44.462603
-110.514578	44.463751
-110.515822	44.465532
-110.516875	44.467642
-110.516945	44.467932
-110.517325	44.468573
-110.517919	44.469351
-110.519011	44.470202
-110.5213	44.471479
-110.524649	44.47286
-110.52574	44.47352
-110.526534	44.474642
-110.526954	44.475561
-110.527549	44.476362
-110.528449	44.47698
-110.529021	44.47714
-110.530433	44.47732
-110.53305	44.477209
-110.536651	44.476892
-110.538734	44.47701
-110.540931	44.47735
-110.542022	44.47735
-110.543143	44.47717
-110.543716	44.476991
-110.543899	44.47701
-110.544006	44.476919
-110.54959	44.47519
-110.550712	44.47471
-110.551734	44.473981
-110.553389	44.47249
-110.554229	44.471349
-110.55458	44.470498
-110.55471	44.467691
-110.5549	44.466909
-110.555961	44.464219
-110.556121	44.462732
-110.55603	44.462522
-110.55603	44.460851
-110.55622	44.460401
-110.557151	44.459142
-110.558204	44.4582
-110.559425	44.45617
-110.560249	44.45514
-110.560821	44.45464
-110.56121	44.45445
-110.563003	44.453271
-110.563255	44.45297
-110.563674	44.452241
-110.563774	44.45128
-110.563163	44.44867
-110.562843	44.447621
-110.562812	44.447049
-110.563003	44.446591
-110.563323	44.446149
-110.563902	44.445668
-110.566421	44.444489
-110.567161	44.443849
-110.567704	44.442819
-110.568374	44.442343
-110.569816	44.441838
-110.574951	44.440491
-110.576615	44.439599
-110.580383	44.437199
-110.581276	44.436539
-110.583221	44.435349
-110.584022	44.434678
-110.584854	44.43311
-110.585235	44.431851
-110.585266	44.43071
-110.585046	44.430039
-110.584373	44.4292
-110.583831	44.428788
-110.583	44.428368
-110.579841	44.42775
-110.578186	44.427361
-110.577224	44.426819
-110.57608	44.425881
-110.57592	44.425351
-110.575691	44.42503
-110.574584	44.421761
-110.573532	44.418401
-110.57347	44.41792
-110.573371	44.417798
-110.57331	44.417001
-110.578346	44.415719
NaN NaN
-110.578346	44.415719
-110.584152	44.418129
-110.584922	44.418519
-110.585754	44.419198
-110.586265	44.4198
-110.586525	44.42033
-110.586929	44.422448
-110.587066	44.422768
-110.587661	44.423341
-110.588043	44.423531
-110.588623	44.423619
-110.590019	44.423439
-110.591041	44.423138
-110.591522	44.42284
-110.591781	44.422447
-110.591873	44.421681
-110.591652	44.419728
-110.59172	44.419018
-110.592003	44.418309
-110.592323	44.417969
-110.592933	44.417469
-110.593605	44.41713
-110.594566	44.41692
-110.595611	44.416901
-110.596695	44.417008
-110.597916	44.417378
-110.603233	44.42001
-110.607644	44.421978
-110.62014	44.426868
-110.625763	44.42921
-110.633454	44.432517
-110.636292	44.433639
-110.637475	44.433959
-110.638055	44.434027
-110.640221	44.433936
-110.642136	44.433749
-110.645715	44.433589
-110.652856	44.433589
-110.653337	44.433448
-110.654077	44.432856
-110.654077	44.432769
-110.65416	44.432749
-110.654801	44.431719
-110.655695	44.431079
-110.656396	44.430777
-110.657037	44.430728
-110.657968	44.430907
-110.659303	44.431506
-110.659906	44.431616
-110.661157	44.431529
-110.661911	44.431258
-110.663224	44.430586
-110.664476	44.430247
-110.665147	44.430136
-110.665841	44.430136
-110.668397	44.430517
-110.669252	44.430476
-110.670121	44.430319
-110.671365	44.430357
-110.672326	44.430567
-110.673128	44.430955
-110.673883	44.431498
-110.674493	44.432169
-110.675035	44.433306
-110.675165	44.434889
-110.675073	44.436506
-110.674493	44.439169
-110.674753	44.439848
-110.675425	44.440416
-110.675935	44.441015
-110.676324	44.442038
-110.676386	44.442637
-110.676576	44.443007
-110.677247	44.443525
-110.677568	44.444185
-110.677926	44.447187
-110.678087	44.447645
-110.678361	44.447916
-110.679002	44.448095
-110.681566	44.448328
-110.682589	44.448538
-110.683282	44.448858
-110.683672	44.449217
-110.683954	44.449495
-110.684084	44.449907
-110.684595	44.451185
-110.685396	44.451826
-110.685976	44.452059
-110.686861	44.452188
-110.687852	44.452188
-110.688333	44.451986
-110.688615	44.451727
-110.689165	44.450475
-110.689638	44.449735
-110.690508	44.448969
-110.691423	44.448617
-110.692605	44.448576
-110.695062	44.448957
-110.695863	44.448957
-110.697046	44.448415
-110.698572	44.447057
-110.698983	44.446878
-110.699694	44.446737
-110.701166	44.446718
-110.702211	44.446897
-110.702974	44.447175
-110.703813	44.447587
-110.704867	44.447946
-110.705858	44.448125
-110.710512	44.447698
-110.711534	44.447416
-110.713136	44.446668
-110.713839	44.445836
-110.714052	44.444307
-110.714335	44.443738
-110.715166	44.442998
-110.716051	44.442548
-110.718355	44.441766
-110.719217	44.441236
-110.719477	44.440916
-110.721545	44.439565
-110.723398	44.438718
-110.724863	44.437917
-110.725886	44.437486
-110.727038	44.437367
-110.727702	44.437436
-110.728373	44.437634
-110.729426	44.438237
-110.729968	44.438435
-110.731028	44.438485
-110.731562	44.438348
-110.732043	44.438046
-110.733317	44.436764
-110.734568	44.435784
-110.736414	44.434815
-110.737582	44.434384
-110.738482	44.434266
-110.743655	44.434075
-110.744708	44.433895
-110.745562	44.433575
-110.746553	44.432747
-110.746745	44.432476
-110.747386	44.431927
-110.749194	44.430825
-110.750766	44.430435
-110.751857	44.430416
-110.753314	44.430595
-110.755778	44.431286
-110.757915	44.431606
-110.759097	44.431606
-110.761035	44.431335
-110.762477	44.430923
-110.765735	44.429764
-110.766818	44.429626
-110.767589	44.429626
-110.768863	44.429763
-110.770236	44.430084
-110.77206	44.430614
-110.774861	44.431606
-110.776035	44.431835
-110.777988	44.431854
-110.787265	44.433444
-110.789783	44.433974
-110.791415	44.434474
-110.79356	44.435523
-110.796489	44.436126
-110.797733	44.436625
-110.798755	44.437335
-110.799228	44.437792
-110.800403	44.439643
-110.801174	44.440383
-110.801586	44.440905
-110.802227	44.442393
-110.802608	44.443213
-110.803249	44.444316
-110.804355	44.445433
-110.804706	44.445715
-110.806659	44.447813
-110.812977	44.452963
-110.814144	44.453654
-110.815455	44.454134
-110.816898	44.454432
-110.81747	44.454474
-110.81834	44.454382
-110.820347	44.453192
-110.82201	44.452372
-110.822994	44.452074
-110.823727	44.452013
-110.824528	44.452124
-110.826	44.452604
-110.826695	44.452974
-110.827207	44.453264
-110.830074	44.454275
-110.830525	44.454504
-110.832668	44.455003
-110.833714	44.455122
-110.836338	44.455923
-110.837361	44.456336
-110.840237	44.457983
-110.841503	44.458871
-110.843266	44.460702
-110.843968	44.461072
-110.844578	44.461252
-110.845845	44.461553
-110.846615	44.461751
-110.847698	44.462053
-110.850506	44.463044
-110.851658	44.463594
-110.851726	44.463723
-110.852108	44.463842
-110.85252	44.464132
-110.854054	44.465921
-110.855235	44.467523
-110.855587	44.467795
-110.856228	44.468572
-110.857435	44.470334
-110.857846	44.471501
-110.857815	44.472711
-110.857655	44.473214
-110.853825	44.479981
-110.853626	44.480531
-110.851139	44.483983
-110.850918	44.484144
-110.850338	44.484941
-110.850308	44.485292
-110.850178	44.486001
-110.849026	44.488943
-110.848164	44.490095
-110.847843	44.490411
-110.847103	44.491034
-110.845318	44.492212
-110.845257	44.492334
-110.844555	44.492654
-110.842509	44.494001
-110.841648	44.494802
-110.840816	44.495962
-110.840046	44.497774
-110.838444	44.499964
-110.836178	44.501853
-110.835345	44.502931
-110.833553	44.505693
-110.83334	44.506243
-110.833179	44.507044
-110.83337	44.508284
-110.833774	44.509222
-110.833905	44.510134
-110.833743	44.510794
-110.831669	44.514063
-110.830707	44.514894
-110.828754	44.516123
-110.826938	44.517103
-110.825908	44.517775
-110.825428	44.518541
-110.825428	44.519213
-110.825657	44.519644
-110.825968	44.519964
-110.826679	44.520372
-110.827823	44.520853
-110.828525	44.521523
-110.829387	44.522802
-110.830219	44.523584
-110.833317	44.525644
-110.834278	44.526532
-110.834759	44.527333
-110.83501	44.527975
-110.83501	44.528791
-110.834691	44.529592
-110.834179	44.530073
-110.83357	44.530413
-110.828228	44.532614
-110.826984	44.533045
-110.823688	44.533793
-110.821415	44.533865
-110.820339	44.534003
-110.819309	44.534236
-110.818447	44.534525
-110.817615	44.535143
-110.811145	44.542643
-110.806568	44.548285
-110.805477	44.549933
-110.805355	44.550295
-110.805416	44.550826
-110.805828	44.551673
-110.806438	44.552355
-110.806629	44.552702
-110.806858	44.552863
-110.807209	44.553385
-110.807903	44.555945
-110.811954	44.563013
-110.815189	44.568022
-110.816204	44.569445
-110.816936	44.570364
-110.817898	44.571223
-110.81979	44.572462
-110.823627	44.574522
-110.824543	44.574915
-110.826626	44.576052
-110.828358	44.577154
-110.829189	44.577822
-110.830654	44.579813
-110.830814	44.580194
-110.830845	44.581003
-110.829785	44.582872
-110.82938	44.584265
-110.829525	44.587812
-110.830578	44.592703
-110.830677	44.595724
-110.831089	44.597443
-110.831478	44.598284
-110.83231	44.599455
-110.833743	44.600874
-110.834507	44.601442
-110.836529	44.602564
-110.841488	44.604394
-110.843434	44.605352
-110.844464	44.606084
-110.844975	44.606561
-110.845906	44.607824
-110.846417	44.608354
-110.847378	44.608941
-110.847989	44.609201
-110.848614	44.609651
-110.849454	44.610525
-110.849774	44.611024
-110.850156	44.611394
-110.851056	44.611944
-110.852208	44.612424
-110.853009	44.613012
-110.853589	44.613753
-110.853749	44.614232
-110.85397	44.615781
-110.854344	44.616742
-110.85471	44.617273
-110.855245	44.618554
-110.856267	44.620862
-110.856778	44.621614
-110.858862	44.623723
-110.85912	44.624154
-110.85925	44.624932
-110.85909	44.625501
-110.85806	44.627084
-110.857068	44.628221
-110.855756	44.629483
-110.854535	44.631013
-110.854245	44.631704
-110.854245	44.632432
-110.854695	44.632962
-110.855397	44.633321
-110.856968	44.633924
-110.857839	44.634694
-110.857901	44.635405
-110.857801	44.636071
-110.85716	44.637124
-110.856938	44.637643
-110.856968	44.638101
-110.85732	44.638654
-110.85819	44.638951
-110.858151	44.639043
-110.859655	44.639863
-110.860135	44.640302
-110.860295	44.640641
-110.860265	44.641351
-110.860135	44.641671
-110.859761	44.642083
-110.859075	44.642633
-110.85867	44.643502
-110.858542	44.644731
-110.858121	44.645692
NaN NaN
-110.665194	44.132869
-110.666125	44.13388
-110.666537	44.134197
-110.667132	44.134856
-110.667933	44.136229
-110.669306	44.139518
-110.669718	44.141048
-110.669878	44.14286
-110.669878	44.146998
-110.670167	44.148299
-110.670649	44.149188
-110.674075	44.152007
-110.674395	44.152369
-110.674746	44.153148
-110.674746	44.154246
-110.674586	44.154677
-110.666681	44.164977
-110.664614	44.167487
-110.663828	44.168979
-110.658174	44.185348
-110.656947	44.189239
-110.656595	44.190639
-110.656656	44.191478
-110.658243	44.192077
-110.659105	44.19276
-110.659395	44.193538
-110.659196	44.194297
-110.658975	44.194747
-110.658975	44.196307
-110.659456	44.198657
-110.660287	44.200717
-110.660608	44.202247
-110.660821	44.203757
-110.661272	44.204539
-110.661394	44.205039
-110.661592	44.207007
-110.661592	44.208056
-110.661462	44.208697
-110.661333	44.209548
-110.661333	44.210616
-110.661432	44.212218
-110.661401	44.213279
-110.660837	44.214526
-110.657213	44.217807
-110.656923	44.218608
-110.656541	44.220759
-110.65635	44.221347
-110.655084	44.22277
-110.654924	44.223109
-110.654855	44.223708
-110.655084	44.224936
-110.655053	44.225627
-110.654794	44.226287
-110.654283	44.227019
-110.652635	44.228686
-110.652506	44.229079
-110.652506	44.23059
-110.653115	44.23191
-110.653245	44.232009
-110.653756	44.233096
-110.653756	44.234088
-110.653147	44.235888
-110.652795	44.236487
-110.652413	44.236917
-110.650445	44.238108
-110.650002	44.238479
-110.649392	44.240008
-110.648576	44.241038
-110.648026	44.242179
-110.647645	44.243277
-110.647614	44.243716
-110.64618	44.246756
-110.645104	44.249938
-110.644021	44.25299
-110.642624	44.255019
-110.641961	44.255729
-110.64122	44.257148
-110.640754	44.258949
-110.640374	44.259887
-110.639283	44.261558
-110.638771	44.26271
-110.63839	44.2639
-110.637986	44.264599
-110.637124	44.265658
-110.636231	44.266589
-110.635125	44.267478
-110.632163	44.269469
-110.630181	44.270957
-110.629364	44.271758
-110.628372	44.273128
-110.62722	44.275738
-110.626145	44.279487
-110.625763	44.280219
-110.625633	44.280429
-110.625221	44.281757
-110.625252	44.282257
-110.625351	44.282459
-110.625763	44.28276
-110.626404	44.283218
-110.626816	44.283607
-110.62719	44.284568
-110.62719	44.285407
-110.626724	44.286309
-110.625763	44.287147
-110.624016	44.288337
-110.620766	44.289848
-110.618469	44.291149
-110.615646	44.293029
-110.614685	44.293777
-110.613472	44.29499
-110.612739	44.296107
-110.61248	44.296688
-110.611854	44.29929
-110.611084	44.30048
-110.610412	44.30103
-110.60936	44.301578
-110.606849	44.302467
-110.605224	44.30339
-110.604301	44.30423
-110.603126	44.306377
-110.602455	44.307961
-110.598976	44.318478
-110.598465	44.319729
-110.597159	44.323048
-110.596358	44.324448
-110.594703	44.326908
-110.594261	44.327988
-110.594253	44.329178
-110.594413	44.32996
-110.595756	44.332649
-110.595939	44.33384
-110.595886	44.334549
-110.595054	44.336628
-110.59291	44.340748
-110.591674	44.34235
-110.58921	44.34459
-110.587013	44.346878
-110.58583	44.348641
-110.584976	44.350438
-110.584525	44.35236
-110.583755	44.354149
-110.583343	44.354878
-110.583153	44.3555
-110.582801	44.35751
-110.582481	44.358281
-110.58203	44.358948
-110.581069	44.36039
-110.580749	44.361119
-110.580535	44.36261
-110.58059	44.36588
-110.580749	44.367501
-110.580726	44.36876
-110.580459	44.369759
-110.579093	44.37392
-110.578643	44.374951
-110.577429	44.377278
-110.574203	44.38218
-110.573913	44.383229
-110.573753	44.384599
-110.57318	44.386891
-110.571769	44.390981
-110.570235	44.395741
-110.570205	44.39827
-110.569694	44.399968
-110.568985	44.402371
-110.568862	44.403279
-110.568893	44.404752
-110.569083	44.405499
-110.569335	44.405869
-110.572074	44.408269
-110.572105	44.408448
-110.572265	44.408501
-110.575645	44.411487
-110.577011	44.412888
-110.578346	44.415719
NaN NaN
-110.858121	44.645692
-110.859655	44.646401
-110.860517	44.646562
-110.860997	44.646544
-110.864049	44.646523
-110.865522	44.646653
-110.867116	44.647004
-110.868947	44.64711
-110.870001	44.646931
-110.870771	44.646634
-110.871412	44.646241
-110.872655	44.643681
-110.873205	44.643162
-110.874227	44.642613
-110.875768	44.64201
-110.878141	44.641263
-110.881338	44.640713
-110.88381	44.640271
-110.885885	44.640213
-110.886427	44.640301
-110.887678	44.640461
-110.891691	44.64048
-110.892897	44.640591
-110.894507	44.640892
-110.895338	44.64114
-110.89617	44.64151
-110.898886	44.643064
-110.899702	44.643292
-110.902189	44.643452
-110.905562	44.64349
-110.907797	44.643792
-110.910712	44.643932
-110.924361	44.645389
-110.926306	44.64587
-110.931342	44.648132
-110.933356	44.64883
-110.934516	44.649131
-110.935828	44.649291
-110.944862	44.649562
-110.948669	44.64997
-110.952133	44.649829
-110.953292	44.649939
-110.954566	44.650191
-110.955428	44.650542
-110.95607	44.650988
-110.956848	44.652179
-110.956848	44.65351
-110.956657	44.655291
-110.956718	44.65573
-110.957168	44.656821
-110.957976	44.65792
-110.962592	44.662081
-110.963592	44.662829
-110.965698	44.663649
-110.966354	44.663882
-110.967949	44.664912
-110.968109	44.66516
-110.969498	44.666099
NaN NaN
-110.696641	44.727177
-110.696107	44.730675
-110.696176	44.732937
-110.696397	44.734215
-110.697335	44.735954
-110.699121	44.737984
-110.699807	44.738625
-110.700892	44.739536
-110.702371	44.740543
-110.703073	44.740887
-110.703653	44.741024
-110.704904	44.741005
-110.707696	44.740745
-110.708917	44.740764
-110.710176	44.740925
-110.711481	44.741364
-110.712122	44.741886
-110.712778	44.742644
-110.712961	44.743577
-110.713167	44.745796
-110.713618	44.747623
-110.714548	44.749367
-110.715196	44.749946
-110.715708	44.750286
-110.716638	44.750503
-110.719751	44.750805
-110.720583	44.751033
-110.721514	44.751555
-110.722222	44.752174
-110.725016	44.753704
-110.726755	44.754757
-110.727656	44.755416
-110.728327	44.756145
-110.728907	44.757015
-110.730196	44.758093
-110.730448	44.758453
-110.730646	44.759075
-110.730486	44.760536
-110.730616	44.761203
-110.731936	44.764106
-110.732325	44.765426
-110.732264	44.768123
-110.732333	44.769363
-110.732584	44.770343
-110.734072	44.773136
-110.735102	44.774364
-110.736094	44.775096
-110.736773	44.775535
-110.739184	44.776374
-110.740245	44.777015
-110.740916	44.777954
-110.741076	44.778434
-110.741175	44.779594
-110.740573	44.783256
-110.739527	44.786323
-110.739077	44.787193
-110.738406	44.788085
-110.738085	44.788814
-110.737857	44.789825
-110.737925	44.792453
-110.739825	44.795215
-110.740596	44.795715
-110.742274	44.796085
-110.743266	44.796466
-110.743907	44.797046
-110.744906	44.798416
-110.745425	44.799644
-110.745555	44.800334
-110.745524	44.801013
-110.745105	44.801975
-110.743762	44.802825
-110.742442	44.803394
-110.739688	44.804226
-110.737986	44.804885
-110.736605	44.805694
-110.735414	44.806656
-110.733523	44.808464
-110.731898	44.810245
-110.730929	44.811523
-110.729876	44.813244
-110.729556	44.814754
-110.729525	44.816166
-110.729335	44.816925
-110.728015	44.818916
-110.727893	44.819237
-110.727862	44.820534
-110.728762	44.822593
-110.728923	44.823444
-110.728839	44.824066
-110.728007	44.827533
-110.727908	44.829593
-110.728045	44.830345
-110.729205	44.833046
-110.732554	44.837913
-110.732646	44.838215
-110.732944	44.840294
-110.733745	44.842396
-110.734393	44.843715
-110.734424	44.843963
-110.734622	44.844196
-110.73476	44.844887
-110.735339	44.846046
-110.735553	44.846756
-110.735759	44.848034
-110.736043	44.857106
NaN NaN
-111.056844	44.85573
-111.063544	44.852361
-111.064093	44.852232
-111.064123	44.85214
-111.066	44.851152
-111.067015	44.850431
-111.067535	44.849981
-111.068349	44.848883
-111.077414	44.832578
-111.07833	44.831296
-111.079405	44.830152
-111.081633	44.828534
-111.088637	44.824357
-111.089278	44.823888
-111.090034	44.822877
-111.090087	44.822579
-111.090933	44.820317
-111.0932	44.81339
-111.093719	44.812428
-111.094184	44.811256
-111.095	44.810128
-111.096274	44.808968
-111.096419	44.808968
-111.096626	44.80885
-111.097198	44.808525
NaN NaN
-110.987938	44.666105
-110.98983	44.665499
-110.990632	44.66493
-110.991082	44.664358
-110.991341	44.663809
-110.991402	44.66342
-110.991303	44.662439
-110.991013	44.661749
-110.990342	44.660612
-110.989853	44.659311
-110.989853	44.659224
-110.989762	44.659193
-110.989823	44.658098
-110.990204	44.657084
-110.990998	44.655729
-110.992249	44.654139
-110.993461	44.653269
-110.994522	44.6527
-110.996949	44.651781
-110.999093	44.651338
-111.000763	44.6513
-111.006135	44.650179
-111.007539	44.650111
-111.009011	44.650228
-111.012025	44.650278
-111.016991	44.650075
-111.018724	44.650113
-111.029001	44.651593
-111.030252	44.651643
-111.032015	44.651483
-111.033739	44.65125
-111.03544	44.651341
-111.036463	44.651692
-111.037203	44.652051
-111.038836	44.652512
-111.044314	44.653664
-111.045046	44.653706
-111.045787	44.653683
-111.050975	44.652562
-111.051043	44.652451
-111.051715	44.652432
-111.054512	44.651915
-111.054591	44.651902
-111.055286	44.651616
NaN NaN
-111.055286	44.651616
-111.056636	44.651681
-111.058375	44.651681
-111.058727	44.65178
-111.059496	44.651871
-111.060581	44.65223
-111.06145	44.652611
-111.061817	44.652691
-111.06219	44.65297
-111.062664	44.653161
-111.062832	44.653332
-111.065311	44.65379
-111.068844	44.653672
-111.070095	44.653702
-111.070934	44.653759
-111.081158	44.655575
-111.092847	44.657577
-111.094579	44.658058
-111.094579	44.658146
-111.096143	44.658699
-111.096295	44.658711
-111.096639	44.658737
-111.097013	44.658909
-111.097066	44.658912
NaN NaN
-111.097187	44.658917
-111.097066	44.658912
NaN NaN
-110.969498	44.666099
-110.969619	44.66618
-110.969871	44.66635
-110.972023	44.667418
-110.974037	44.668219
-110.975868	44.668791
-110.976799	44.66897
-110.978852	44.669089
-110.980393	44.668791
-110.986573	44.666559
-110.987737	44.666172
-110.987938	44.666105
NaN NaN
-111.056844	44.85573
-111.056089	44.856298
-111.056074	44.856307
-111.049719	44.859949
-111.048933	44.860521
-111.048559	44.86096
-111.044393	44.867399
-111.044653	44.869368
-111.045095	44.871038
-111.046636	44.874948
-111.046957	44.875657
-111.047117	44.875769
-111.047216	44.876158
-111.047857	44.87657
-111.051458	44.878218
-111.052038	44.878679
-111.052168	44.878889
-111.052298	44.879598
-111.052328	44.88085
-111.052809	44.88241
-111.05464	44.885561
-111.054663	44.885749
-111.054755	44.88579
-111.054724	44.885877
-111.055113	44.88671
-111.055273	44.887209
-111.055273	44.888441
-111.054747	44.893751
-111.054228	44.900011
-111.054167	44.902849
-111.05371	44.909689
-111.053633	44.911898
-111.053175	44.918558
-111.053077	44.922381
-111.053138	44.923311
-111.05445	44.928869
-111.05493	44.930794
-111.055625	44.933577
-111.056197	44.936686
NaN NaN
-110.696641	44.727177
-110.69674	44.727085
-110.697023	44.724957
-110.697412	44.723854
-110.698373	44.722115
-110.699785	44.720814
-110.700776	44.720284
-110.712312	44.716255
-110.713663	44.716137
-110.714883	44.716396
-110.716226	44.717026
-110.718096	44.717686
-110.719217	44.717895
-110.720522	44.717963
-110.721453	44.717895
-110.737253	44.711753
-110.738985	44.711296
-110.739724	44.710945
-110.742762	44.708656
-110.745196	44.706306
-110.745486	44.705684
-110.745516	44.704765
-110.745387	44.704055
-110.744097	44.699943
-110.743968	44.698776
-110.744128	44.698024
-110.744822	44.696426
-110.745844	44.694614
-110.746745	44.692806
-110.746806	44.692123
-110.746676	44.691665
-110.744875	44.689266
-110.744196	44.686523
-110.744128	44.685283
-110.744639	44.683506
-110.744692	44.682064
-110.745089	44.681335
-110.746104	44.680305
-110.746523	44.679524
-110.746745	44.678386
-110.746745	44.677375
-110.746386	44.676117
-110.745066	44.674428
-110.744265	44.673744
-110.743334	44.672714
-110.742983	44.672024
-110.742945	44.670955
-110.743136	44.670246
-110.743487	44.669487
-110.744318	44.668255
-110.744639	44.667495
-110.744589	44.666508
-110.744585	44.666443
NaN NaN
-110.744585	44.666443
-110.744578	44.666243
-110.743762	44.662494
-110.743823	44.660366
-110.744494	44.659157
-110.744975	44.658764
-110.745547	44.658577
-110.746417	44.658577
-110.746867	44.658855
-110.748019	44.660564
-110.749522	44.661636
-110.750773	44.662143
-110.752154	44.662365
-110.752925	44.662376
-110.753985	44.662124
-110.754565	44.661865
-110.755526	44.661594
-110.756678	44.661556
-110.760394	44.662376
-110.763812	44.662704
-110.765482	44.662563
-110.766734	44.662296
-110.767894	44.661853
-110.769046	44.660995
-110.769435	44.660484
-110.769626	44.659755
-110.770427	44.658546
-110.770433	44.657695
-110.770366	44.657332
-110.770366	44.656375
-110.770564	44.655845
-110.771617	44.654864
-110.772067	44.654315
-110.772235	44.653834
-110.772136	44.653316
-110.771845	44.652873
-110.771594	44.652255
-110.771594	44.651664
-110.771724	44.651276
-110.772555	44.650203
-110.773235	44.649814
-110.773967	44.649542
-110.774928	44.649356
-110.77737	44.649296
-110.785404	44.649665
-110.787067	44.649825
-110.788898	44.649806
-110.795849	44.649394
-110.79665	44.649512
-110.799175	44.650652
-110.801227	44.651183
-110.807407	44.652125
-110.814938	44.653685
-110.816509	44.653864
-110.817333	44.653895
-110.818035	44.653772
-110.821728	44.652681
-110.824284	44.652243
-110.826817	44.651262
-110.82903	44.650854
-110.833096	44.650583
-110.834668	44.650102
-110.835888	44.649804
-110.83804	44.649553
-110.840886	44.649103
-110.842427	44.649003
-110.84348	44.649165
-110.845235	44.649652
-110.846326	44.649812
-110.847485	44.649621
-110.848187	44.649392
-110.85188	44.647272
-110.852956	44.646864
-110.853926	44.646672
-110.856167	44.646611
-110.856618	44.646544
-110.857259	44.646314
-110.858121	44.645692
NaN NaN
-110.732112	44.926685
-110.731464	44.928467
-110.730404	44.929855
-110.728534	44.931736
-110.728473	44.931896
-110.727863	44.932396
-110.727314	44.933037
-110.726328	44.933834
-110.725299	44.934506
-110.72224	44.935715
-110.721828	44.936016
-110.720188	44.937916
-110.719669	44.939514
-110.719318	44.939903
-110.718417	44.940617
-110.717746	44.942875
-110.717326	44.943474
-110.716235	44.944473
-110.716007	44.944916
-110.715686	44.946217
-110.715336	44.946537
-110.713947	44.946835
-110.713824	44.946995
-110.713885	44.947545
-110.714496	44.948665
-110.714626	44.949265
-110.714595	44.949894
-110.714343	44.950424
-110.713054	44.952004
-110.711932	44.954655
-110.711932	44.956307
-110.712039	44.956467
-110.712169	44.958847
-110.711909	44.960217
-110.71162	44.960964
-110.71056	44.962246
-110.708499	44.963926
-110.707568	44.965405
-110.706996	44.966145
-110.706698	44.966324
-110.705997	44.966397
-110.705637	44.966256
-110.705188	44.965916
-110.704829	44.964745
-110.704638	44.963097
-110.704593	44.961335
-110.704379	44.959835
-110.704142	44.959558
-110.703463	44.959374
-110.703082	44.959427
-110.70245	44.960064
-110.701899	44.961296
-110.701609	44.962376
-110.701327	44.967884
-110.702006	44.969826
-110.702907	44.971245
-110.703647	44.972977
-110.703685	44.973366
-110.703776	44.974465
-110.703654	44.974785
-110.702685	44.975605
-110.701594	44.976204
-110.700915	44.976475
NaN NaN
-110.732112	44.926685
-110.732356	44.926014
-110.732425	44.923977
-110.731449	44.919063
-110.73106	44.918014
-110.730243	44.914856
-110.730303	44.912685
-110.730564	44.911705
-110.732036	44.908314
-110.732456	44.906236
-110.732616	44.904266
-110.734355	44.894115
-110.734485	44.891666
-110.734195	44.890434
-110.732776	44.887943
-110.731868	44.886455
-110.731677	44.885795
-110.731609	44.884624
-110.732059	44.883304
-110.732768	44.882274
-110.734233	44.880806
-110.734233	44.880714
-110.736324	44.878746
-110.736904	44.877964
-110.737155	44.877215
-110.737186	44.875637
-110.737415	44.874946
-110.738376	44.873054
-110.738697	44.871994
-110.738727	44.870785
-110.737979	44.867195
-110.73756	44.864616
-110.736057	44.857555
-110.736043	44.857106
NaN NaN
-110.705358	45.029529
-110.705333	45.029355
-110.70483	45.029244
-110.70367	45.028744
-110.702403	45.027955
-110.700855	45.026314
-110.699435	45.023434
-110.698367	45.021995
-110.697497	45.021065
-110.696109	45.019837
-110.694682	45.018105
-110.69421	45.017266
-110.694178	45.016015
-110.694583	45.013404
-110.694903	45.012787
-110.695422	45.012147
-110.695422	45.011635
-110.695002	45.011277
-110.694063	45.009995
-110.693919	45.009247
-110.694156	45.008156
-110.694125	45.007626
-110.693805	45.006806
-110.693362	45.006115
-110.692416	45.005154
-110.692126	45.004616
-110.691958	45.003876
-110.692187	45.002236
-110.692858	45.000756
-110.693087	44.999955
-110.692652	44.998215
-110.692759	44.996865
-110.693262	44.995064
-110.693309	44.994454
-110.692599	44.992516
-110.692599	44.992396
-110.692599	44.992333
NaN NaN
-110.700915	44.976475
-110.699885	44.976987
-110.697985	44.977986
-110.697696	44.978104
-110.696986	44.978196
-110.695956	44.977466
-110.695567	44.976937
-110.695246	44.976094
-110.694277	44.972367
-110.694019	44.972046
-110.693537	44.972046
-110.693148	44.972275
-110.692828	44.972825
-110.692698	44.973607
-110.692706	44.975247
-110.692706	44.977055
-110.692095	44.978745
-110.690707	44.981404
-110.690806	44.982937
-110.691324	44.983574
-110.691744	44.983937
-110.691966	44.984375
-110.692034	44.985955
-110.692393	44.986405
-110.692393	44.987165
-110.692103	44.987915
-110.692103	44.990315
-110.692599	44.992333
NaN NaN
-110.493198	44.736029
-110.493007	44.736857
-110.492916	44.74033
-110.493138	44.741217
-110.494137	44.743098
-110.494396	44.74422
-110.494472	44.745318
-110.494022	44.746546
-110.49255	44.748858
-110.49213	44.749316
-110.491649	44.749686
-110.491077	44.749949
-110.483417	44.752188
-110.482577	44.752646
-110.482288	44.752948
-110.482165	44.753249
-110.482356	44.753978
-110.482425	44.754846
-110.482295	44.755187
-110.481952	44.755599
-110.481502	44.755896
-110.476527	44.758078
-110.472255	44.760939
-110.47069	44.761859
-110.466967	44.763728
-110.465945	44.764468
-110.464465	44.765109
-110.457506	44.766707
-110.456125	44.767219
-110.455416	44.767699
-110.454554	44.768447
-110.454103	44.769439
-110.454134	44.770278
-110.454309	44.770648
-110.45492	44.77111
-110.455431	44.771359
-110.456904	44.771609
-110.457766	44.771876
-110.459246	44.772961
-110.459406	44.773177
-110.459406	44.773689
-110.459154	44.774119
-110.459124	44.77444
-110.459246	44.77481
-110.460085	44.775859
-110.460085	44.776217
-110.458254	44.778739
-110.456598	44.779979
-110.455507	44.78181
-110.454416	44.782878
-110.454256	44.783267
-110.454186	44.784339
-110.453836	44.784778
-110.453547	44.784869
-110.452783	44.786197
-110.452394	44.78926
-110.452333	44.791137
-110.452181	44.791408
-110.451891	44.79169
-110.451349	44.791778
-110.447588	44.791137
-110.446146	44.791186
-110.445467	44.791347
-110.445047	44.79174
-110.444856	44.792098
-110.444925	44.793929
-110.444636	44.795417
-110.444826	44.796446
-110.445085	44.796839
-110.445245	44.797317
-110.445314	44.798388
-110.445024	44.799167
-110.445024	44.800399
-110.445474	44.801227
-110.446291	44.802176
-110.447054	44.803416
-110.447244	44.804008
-110.447054	44.804629
-110.44687	44.804809
-110.444879	44.80598
-110.443559	44.806899
-110.443017	44.807536
-110.442857	44.808146
-110.443209	44.809299
-110.444559	44.811149
-110.446588	44.814189
-110.447298	44.815059
-110.447877	44.815558
-110.449419	44.816466
-110.449548	44.816658
-110.449609	44.817317
-110.448167	44.819148
-110.448007	44.819747
-110.448076	44.820887
-110.448556	44.822688
-110.448526	44.82352
-110.448366	44.824138
-110.448366	44.825068
-110.448656	44.825778
-110.448656	44.826556
-110.447985	44.827468
-110.447275	44.828109
-110.446794	44.829077
-110.44671	44.830809
-110.446229	44.832118
-110.44565	44.832869
-110.44449	44.833598
-110.44417	44.834308
-110.444008	44.834948
-110.443658	44.835616
-110.443239	44.836158
-110.442498	44.836738
-110.442277	44.837859
-110.441987	44.83834
-110.439775	44.839957
-110.439126	44.840308
-110.438745	44.840369
-110.438455	44.840369
-110.438165	44.840209
-110.437844	44.838958
-110.437615	44.83871
-110.436944	44.83871
-110.436784	44.838798
-110.436654	44.839209
-110.436684	44.840419
-110.436433	44.840808
-110.436105	44.841037
-110.433793	44.841289
-110.43316	44.841536
-110.43239	44.842048
-110.431619	44.842978
-110.430939	44.844699
-110.430558	44.84518
-110.428078	44.846668
-110.425316	44.849566
-110.420563	44.852798
-110.419824	44.853187
-110.419243	44.853389
-110.418534	44.853507
-110.417809	44.853488
-110.416702	44.853259
-110.415909	44.853259
-110.415482	44.853389
-110.414688	44.854377
-110.412727	44.855567
-110.411278	44.856708
-110.410087	44.858606
-110.409317	44.860347
-110.408996	44.862357
-110.408996	44.865897
-110.408745	44.867
-110.408195	44.86753
-110.407394	44.867889
-110.406364	44.868079
-110.404883	44.867919
-110.403953	44.867618
-110.403595	44.867316
-110.403404	44.867
-110.403274	44.866428
-110.403274	44.865108
-110.402954	44.864436
-110.402404	44.864047
-110.402023	44.863887
-110.401313	44.863757
-110.399864	44.863917
-110.398643	44.86417
-110.395591	44.864188
-110.394431	44.864467
-110.393752	44.864757
-110.392898	44.865337
-110.391547	44.866817
-110.389426	44.867717
-110.388618	44.868167
-110.386755	44.869888
-110.383888	44.871967
-110.383345	44.87247
-110.382605	44.873729
-110.382126	44.874938
-110.382025	44.87556
-110.382216	44.878478
-110.383087	44.88285
-110.383895	44.884429
-110.384505	44.885387
-110.385337	44.886298
-110.385466	44.8866
-110.385886	44.887077
-110.386245	44.887447
-110.386496	44.887698
-110.386725	44.88845
-110.386817	44.890166
-110.387015	44.890807
-110.387556	44.891589
-110.388137	44.892387
-110.388305	44.894439
-110.388427	44.895007
-110.389365	44.89632
-110.389396	44.897807
-110.389975	44.898856
-110.392257	44.900958
-110.392867	44.90142
-110.396377	44.902167
-110.397086	44.902556
-110.398986	44.904429
-110.401077	44.906787
-110.404556	44.910148
-110.405777	44.912017
-110.406417	44.912528
-110.407157	44.912848
-110.408287	44.913169
-110.408996	44.913508
-110.409958	44.914149
-110.411056	44.914557
-110.412086	44.91484
-110.415657	44.915999
NaN NaN
-110.114967	44.912129
-110.115063	44.909367
-110.115224	44.908315
-110.115773	44.906555
-110.117703	44.903855
-110.119794	44.901647
-110.122144	44.899728
-110.124616	44.897383
-110.125745	44.896581
-110.128766	44.894963
-110.135717	44.891553
-110.137679	44.890394
-110.141439	44.888032
-110.143568	44.886521
-110.147428	44.883054
-110.149702	44.88094
-110.151823	44.8787
-110.155875	44.874932
-110.156164	44.874673
-110.157156	44.874013
-110.157996	44.873651
-110.159605	44.873422
-110.160986	44.873033
-110.162077	44.872643
-110.165359	44.870244
-110.16751	44.868932
-110.169509	44.868272
-110.170569	44.868043
-110.17179	44.868112
-110.174033	44.868382
-110.175094	44.868791
-110.177925	44.870072
-110.180564	44.870763
-110.182716	44.871083
-110.185455	44.871033
-110.188156	44.870664
-110.191658	44.87048
-110.199409	44.870022
-110.200439	44.870042
-110.202109	44.870244
-110.202949	44.870423
-110.20401	44.870843
-110.206131	44.872113
-110.20829	44.873582
-110.210159	44.87492
-110.215889	44.879902
-110.222809	44.886834
-110.223908	44.887722
-110.227608	44.890122
-110.234887	44.894149
-110.239526	44.898132
-110.243066	44.901352
-110.250741	44.90704
-110.25329	44.908981
-110.256219	44.91085
-110.258112	44.911793
-110.259691	44.91246
-110.263933	44.913723
-110.267412	44.914482
-110.269555	44.91476
-110.272272	44.914963
-110.275263	44.91494
-110.278033	44.914699
-110.279017	44.91447
-110.280543	44.914173
-110.282076	44.914242
-110.283082	44.914592
-110.286204	44.916
-110.287799	44.916602
-110.291438	44.917472
-110.293239	44.918052
-110.295878	44.919101
-110.297069	44.919349
-110.30125	44.919612
-110.304981	44.920111
-110.30981	44.921031
-110.31171	44.921173
-110.314281	44.92115
-110.317051	44.920513
-110.317699	44.92023
-110.31818	44.91994
-110.32246	44.915821
-110.32803	44.91159
-110.3298	44.910842
-110.331959	44.910182
-110.33495	44.909431
-110.338139	44.90808
-110.339459	44.907672
-110.341	44.907372
-110.34213	44.90726
-110.344609	44.90744
-110.34789	44.90792
-110.356061	44.908912
-110.358411	44.908721
-110.360693	44.90845
-110.362623	44.908561
-110.363432	44.908752
-110.364874	44.909251
-110.366613	44.909961
-110.367582	44.910171
-110.371504	44.91067
-110.372854	44.911059
-110.374914	44.911792
-110.375754	44.91183
-110.377685	44.911861
-110.382154	44.911082
-110.384345	44.911311
-110.385924	44.911632
-110.387824	44.912269
-110.388755	44.912471
-110.391845	44.912929
-110.393065	44.91323
-110.395027	44.91389
-110.397185	44.914869
-110.399245	44.91611
-110.399665	44.916659
-110.399795	44.917071
-110.399696	44.918029
-110.399345	44.919379
-110.399345	44.92034
-110.399436	44.920611
-110.399726	44.92089
-110.400275	44.921161
-110.401046	44.921161
-110.401725	44.921001
-110.403266	44.920433
-110.406006	44.91997
-110.411026	44.919718
-110.412147	44.919509
-110.413597	44.918689
-110.414115	44.91828
-110.415436	44.916491
-110.415657	44.915999
NaN NaN
-110.382714	44.583025
-110.382747	44.583085
-110.383218	44.583941
-110.383652	44.585982
-110.383972	44.586912
-110.384774	44.588423
-110.385163	44.588972
-110.387215	44.593451
-110.387886	44.595602
-110.387917	44.59704
-110.387566	44.599222
-110.386505	44.601412
-110.385384	44.603102
-110.384179	44.604632
-110.384148	44.605459
-110.384308	44.605803
-110.384712	44.606279
-110.385422	44.606691
-110.386345	44.60708
-110.387505	44.607363
-110.390861	44.607912
-110.394128	44.60829
-110.397744	44.608591
-110.399415	44.608839
-110.404055	44.610102
-110.406266	44.610582
-110.409715	44.610922
-110.410585	44.61117
-110.411355	44.61154
-110.412408	44.612291
-110.413019	44.612932
-110.41456	44.61512
-110.415254	44.615812
-110.416383	44.616609
-110.417276	44.61709
-110.418787	44.617662
-110.42119	44.618162
-110.423006	44.618482
-110.424837	44.619031
-110.426951	44.619851
-110.428644	44.62074
-110.429285	44.621179
-110.431917	44.623781
-110.432589	44.624952
-110.432848	44.625409
-110.433008	44.62692
-110.433138	44.627172
-110.433939	44.62774
-110.437716	44.629571
-110.439028	44.629949
-110.4415	44.630139
-110.442301	44.630342
-110.443637	44.630799
-110.444377	44.631188
-110.446078	44.632371
-110.447941	44.634381
-110.453258	44.638409
-110.456981	44.643021
-110.459125	44.64634
-110.459651	44.6475
-110.460262	44.648118
-110.462497	44.64928
-110.463359	44.649949
-110.463977	44.650998
-110.464298	44.65189
-110.464298	44.653402
-110.463405	44.657681
-110.463512	44.65923
-110.463931	44.660878
-110.464145	44.661538
-110.464252	44.661591
-110.465785	44.66465
-110.467487	44.666378
-110.468608	44.667137
-110.469509	44.667568
-110.47002	44.66805
-110.47105	44.66933
-110.471729	44.669918
-110.473011	44.67075
-110.475956	44.672367
-110.481312	44.67506
-110.485836	44.67757
-110.496083	44.684467
-110.496716	44.68499
-110.497143	44.685699
-110.497592	44.687778
-110.498593	44.690177
-110.499783	44.691867
-110.500416	44.69482
-110.500768	44.695297
-110.501309	44.696048
-110.502301	44.697177
-110.503911	44.698757
-110.505382	44.699828
-110.505978	44.700538
-110.506138	44.701129
-110.50617	44.701839
-110.505627	44.70264
-110.504338	44.704169
-110.503666	44.705386
-110.503567	44.706229
-110.503689	44.707488
-110.503979	44.70811
-110.504139	44.708586
-110.5042	44.70877
-110.504559	44.709109
-110.505131	44.709956
-110.505322	44.710689
-110.505162	44.711467
-110.504521	44.712657
-110.504513	44.713939
-110.504933	44.714919
-110.505146	44.715968
-110.505093	44.716498
-110.505047	44.716929
-110.504818	44.718368
-110.504596	44.718966
-110.504147	44.719428
-110.503666	44.719699
-110.502766	44.720019
-110.500768	44.720428
-110.498806	44.720618
-110.496631	44.720977
-110.49593	44.721259
-110.4949	44.72195
-110.49448	44.722448
-110.494167	44.723407
-110.494007	44.723979
-110.493847	44.725609
-110.49332	44.733539
-110.493198	44.736029
NaN NaN
-110.388199	44.568072
-110.387528	44.568991
-110.385636	44.571001
-110.383684	44.57347
-110.382408	44.57466
-110.380776	44.576011
-110.380425	44.576422
-110.379944	44.577792
-110.379914	44.57857
-110.380554	44.57992
-110.381775	44.581661
-110.382416	44.58248
-110.382714	44.583025
NaN NaN
-110.382439	44.56655
-110.384552	44.567362
-110.386857	44.567752
-110.388199	44.568072
NaN NaN
-110.001846	45.003594
-110.002449	45.003628
-110.004418	45.00404
-110.006051	45.004719
-110.007378	45.00494
-110.00895	45.00494
-110.012893	45.00417
-110.014023	45.004139
-110.015747	45.004578
-110.017754	45.005433
-110.019204	45.005593
-110.02012	45.005482
-110.021768	45.005043
-110.022744	45.004653
-110.024485	45.004014
-110.02974	45.004403
-110.03267	45.004653
-110.03811	45.005143
-110.04091	45.005272
-110.043245	45.005234
-110.044611	45.005013
-110.045465	45.004653
-110.046671	45.004082
-110.046958	45.003726
-110.047006	45.003666
NaN NaN
-110.047006	45.003666
-110.0478	45.003372
-110.04854	45.002941
-110.0488	45.002484
-110.049059	45.002163
-110.049509	45.001572
-110.050409	45.001004
-110.051065	44.999943
-110.05221	44.998173
-110.052309	44.997883
-110.053598	44.995983
-110.056009	44.993221
-110.056299	44.992802
-110.056238	44.991623
-110.055895	44.989865
-110.056093	44.988762
-110.056483	44.987413
-110.057871	44.985474
-110.059092	44.984322
-110.060191	44.982045
-110.061869	44.980442
-110.063924	44.976948
